flux_1024,flnc_band_epeak,fluence,t90,redshift
1.7469,192.8073,2.3964e-07,4.288,-1.0
18.4653,128.8301,2.1949e-05,17.408,-1.0
2.1505,226.143,1.6031e-06,13.056,-1.0
9.4128,58.01395,2.988e-06,12.032,-1.0
5.4422,184.9115,1.1231e-06,9.216,-1.0
3.8566,537.4086,1.3765e-06,8.96,-1.0
0.9922,304.3298,1.4018e-07,0.32,-1.0
2.0165,33.65375,1.8139e-06,40.192,-1.0
2.8838,300.0164,1.0428e-06,12.288,-1.0
1.8541,422.1363,3.8503e-07,9.216,-1.0
4.1583,233.5599,3.4308e-06,95.488,-1.0
3.1215,85.67922,1.852e-06,19.456,-1.0
1.9622,469.7846,3.0435e-07,0.576,-1.0
1.5429,188.7626,1.3192e-06,29.184,-1.0
2.2791,226.5037,4.5134e-07,5.376,-1.0
2.0807,130.5495,2.0912e-06,48.128,-1.0
4.6349,74.79258,5.5262e-06,62.465,-1.0
8.6556,206.6716,7.5151e-06,16.064,-1.0
9.6741,143.2164,3.2424e-05,111.426,-1.0
4.9033,34.98019,1.334e-06,8.192,-1.0
3.2911,133.6812,9.9681e-06,44.033,-1.0
4.8222,629.9004,1.5221e-06,15.36,-1.0
2.454,182.9023,3.8053e-07,0.704,-1.0
5.2588,28.06861,2.4645e-06,22.272,-1.0
9.3996,64.24924,4.0962e-06,9.472,-1.0
8.2655,71.94263,3.3282e-06,20.224,-1.0
7.0303,87.81333,1.3547e-06,7.168,-1.0
13.4392,46.08799,3.0361e-06,16.384,-1.0
7.807,38.57966,9.3687e-06,125.182,-1.0
3.6637,71.38252,2.0338e-06,13.568,-1.0
2.5702,184.8762,4.6582e-06,66.56,-1.0
7.4395,501.7846,1.6629e-06,0.96,-1.0
25.0907,163.059,2.9248e-05,24.32,-1.0
1.1021,267.129,1.4875e-07,2.752,-1.0
5.3378,1512.351,1.7268e-06,2.304,-1.0
5.3831,116.7577,8.9724e-06,22.784,-1.0
1.3314,508.0985,4.126e-07,9.216,-1.0
62.897,470.6,8.9994e-05,9.216,-1.0
2.1069,1122.781,1.0497e-06,23.04,-1.0
3.3349,374.6078,4.9152e-07,0.832,-1.0
2.5032,476.1722,6.3493e-07,0.064,-1.0
2.156,48.3093,6.1394e-07,6.4,-1.0
3.5808,160.6135,7.4393e-06,32.513,-1.0
3.6651,203.0598,4.7133e-06,10.496,-1.0
2.639,78.17599,3.6824e-06,113.664,-1.0
1.0898,76.92642,9.8898e-08,0.576,-1.0
3.7259,62.3478,3.1497e-07,0.16,-1.0
4.3775,229.4797,5.0997e-06,28.16,-1.0
1.9128,14608.51,8.9864e-07,2.816,-1.0
2.4951,216.4275,4.3163e-06,63.232,-1.0
3.6309,178.9996,3.3536e-06,43.265,-1.0
7.4802,165.2342,5.5087e-06,13.44,-1.0
36.8825,86.14947,2.1248e-05,18.624,1.2076
4.8212,315.7634,4.5135e-06,52.736,-1.0
2.4047,994.9977,1.0415e-06,11.776,-1.0
23.7205,278.9901,4.1678e-05,62.209,-1.0
8.4835,239.6573,1.8598e-05,42.945,-1.0
2.9404,610.3553,1.8772e-06,6.656,-1.0
8.4358,52.00337,6.9728e-06,32.256,-1.0
1.8395,2483.486,7.6823e-07,1.856,-1.0
1.0794,138.2681,5.602e-07,11.52,-1.0
2.9311,112.5081,2.0371e-06,49.152,-1.0
5.0145,515.6775,3.3669e-06,5.056,-1.0
7.6427,86.0831,2.9107e-06,5.44,-1.0
3.6482,49.93767,2.7698e-06,27.52,-1.0
9.6057,436.4673,6.2375e-05,163.843,-1.0
3.2807,259.0915,1.6153e-05,110.594,-1.0
162.948,128.541,5.7803e-05,340.992,-1.0
26.7215,1317.518,0.00019428,44.033,1.405
3.319,195.2236,3.0258e-07,0.512,1.37
5.0345,64.03893,5.0312e-06,32.001,-1.0
1.6031,276.8213,9.4591e-07,8.064,-1.0
4.0901,868.9952,9.873e-06,50.241,-1.0
2.283,69.07344,1.9737e-06,19.2,-1.0
2.8933,532.5081,4.4599e-06,36.608,-1.0
2.4032,216.1082,2.7847e-06,25.024,-1.0
2.2468,365.7,2.9586e-06,48.896,-1.0
5.5002,202.0189,6.532e-06,23.04,-1.0
5.3627,74.75285,4.0911e-06,26.624,-1.0
2.078,179.8132,1.6482e-06,29.952,-1.0
12.5889,356.1315,5.1995e-05,31.233,-1.0
3.9965,124.2924,2.3588e-06,13.76,-1.0
5.0905,38.54314,2.0052e-06,10.496,-1.0
60.6962,346.3027,8.3192e-05,13.568,-1.0
1.228,96.89835,1.9512e-06,22.784,-1.0
8.0549,197.4223,9.4331e-06,37.121,-1.0
5.384,343.099,3.7707e-06,27.328,-1.0
2.3199,584.5919,4.303e-07,0.832,-1.0
1.1591,270.2735,9.4493e-07,35.072,-1.0
5.2396,119.9402,6.6659e-06,21.501,-1.0
3.1553,134.6466,2.8781e-06,28.928,-1.0
37.813,255.8756,4.6848e-05,11.392,-1.0
1.9399,122.0556,7.5654e-07,8.192,-1.0
1.3288,1982.939,1.1497e-07,2.944,-1.0
1.4639,461.8405,8.3329e-07,6.4,-1.0
12.9725,95.33353,1.6588e-05,54.337,-1.0
3.2063,85.1607,6.1093e-07,4.864,-1.0
1.9031,1189.092,3.8679e-07,1.6,-1.0
1.0518,412.0474,2.7212e-07,0.192,-1.0
11.3138,350.7898,1.6251e-05,20.736,-1.0
12.5062,325.9861,6.754e-05,85.249,-1.0
2.7039,112.4341,3.7589e-06,35.328,-1.0
2.2767,213.8753,9.073e-07,12.032,2.893
2.0476,4337.548,1.3475e-06,44.032,-1.0
81.4455,333.8166,0.00014657,13.76,2.106
1.9208,421.0796,2.6488e-07,0.64,-1.0
3.1364,65.08845,1.1356e-06,20.48,-1.0
2.7696,869.0561,2.7101e-06,36.352,-1.0
3.6848,137.0512,2.3679e-06,13.056,-1.0
1.965,186.4337,1.3771e-06,27.136,-1.0
82.3035,124.6208,2.1049e-05,2.688,-1.0
11.1274,117.6695,8.1625e-06,12.992,-1.0
36.7382,148.4127,6.3694e-05,76.801,-1.0
3.2136,335.0591,4.7114e-07,0.832,-1.0
8.2564,225.3318,9.5415e-06,41.473,-1.0
31.2721,522.5127,9.6107e-05,76.545,-1.0
1.4781,615.6902,5.5461e-07,0.352,-1.0
2.5067,728.8168,2.7923e-06,20.736,-1.0
1.6141,175.5698,7.1911e-07,16.896,-1.0
4.8006,82.6545,3.5843e-06,23.552,-1.0
3.4636,178.5529,3.7751e-06,33.024,-1.0
10.3248,38.77733,2.4783e-06,5.632,-1.0
12.3072,150.0346,8.5363e-06,13.824,-1.0
3.5953,160.9755,5.7921e-06,51.969,-1.0
54.4537,261.3019,0.00016311,24.576,-1.0
2.1282,71.45689,2.1468e-06,44.8,-1.0
2.1508,350.9508,6.7467e-06,41.217,-1.0
5.9108,80.0682,1.2894e-06,5.12,-1.0
3.7658,119.8354,6.1044e-06,45.825,-1.0
2.7098,129.7174,4.1045e-06,38.913,-1.0
6.129,144.0807,8.7776e-06,58.561,-1.0
3.1908,57.0373,1.9351e-06,11.008,-1.0
2.7898,184.7757,5.1538e-06,67.073,3.36
12.8475,830.9344,5.5868e-06,0.128,-1.0
3.2534,136.0125,3.3351e-06,19.456,-1.0
9.4144,54.77004,2.7096e-06,5.376,-1.0
8.405,268.7265,2.3777e-05,112.642,1.686
1.8714,173.9861,1.65e-06,53.248,-1.0
1.4632,383.767,2.0878e-07,0.008,-1.0
33.4884,428.7387,5.4707e-05,22.272,2.06
1.7864,152.9784,4.7774e-06,361.472,-1.0
3.0146,80.71008,1.0188e-06,7.424,-1.0
2.3229,182.5805,2.9093e-06,105.984,2.374
7.4066,155.7135,3.579e-06,17.405,-1.0
16.5318,104.1478,2.3235e-05,65.537,-1.0
3.3554,109.6724,6.7667e-06,828.672,-1.0
15.7355,39.91221,3.6081e-06,6.141,-1.0
18.437,189.9956,2.1043e-05,16.64,-1.0
3.3186,582.1339,3.2452e-07,0.704,-1.0
1.1297,47.97926,4.3647e-07,45.568,-1.0
5.5562,184.8487,2.1973e-06,5.12,-1.0
4.1405,124.8627,1.3102e-06,8.192,-1.0
3.4317,130.4761,7.4301e-07,7.168,-1.0
6.0266,169.0056,1.4592e-05,313.093,-1.0
12.8448,83.93292,2.924e-06,7.936,-1.0
8.8048,33.39466,3.8202e-06,13.568,-1.0
2.9284,9.543487,8.8092e-06,82.432,-1.0
1.5917,120.448,8.7289e-07,19.2,-1.0
3.1305,547.6589,5.6152e-07,7.36,-1.0
9.5093,165.972,1.1531e-05,36.609,-1.0
3.0782,193.7201,2.983e-06,23.296,-1.0
46.8525,196.5377,8.5926e-05,71.425,-1.0
1.3364,316.7024,4.0953e-07,7.936,-1.0
5.1261,370.5352,3.9525e-06,14.909,-1.0
4.3373,1111.014,5.9423e-06,41.728,-1.0
1.1226,44.019,7.7533e-07,16.128,-1.0
18.8124,24.43589,5.0461e-06,9.984,-1.0
1.5316,156.8047,3.8718e-07,3.328,-1.0
19.9498,64.60679,4.7356e-06,10.813,0.807
3.8342,150.6935,9.7628e-06,42.561,-1.0
5.0753,138.3931,1.2292e-06,12.544,-1.0
1.5416,1942.684,1.5922e-07,1.792,-1.0
7.3002,209.2049,2.7276e-06,6.592,-1.0
7.7193,160.9417,1.5272e-05,41.985,2.512
4.6831,947.0032,1.14e-05,45.249,-1.0
3.9605,60.20445,2.1151e-06,27.904,-1.0
2.5844,225.2617,1.6196e-06,23.296,-1.0
30.4516,174.0816,7.223e-05,58.369,-1.0
6.9258,81.48514,6.333e-06,59.649,-1.0
11.1526,108.5989,1.1831e-05,168.253,-1.0
10.4796,778.5436,7.1167e-06,20.224,-1.0
4.1299,350.5897,2.4091e-07,0.768,-1.0
4.7726,157.971,4.0972e-06,32.705,-1.0
2.0653,183.0957,1.6786e-06,10.496,-1.0
29.1746,211.53,2.0133e-05,21.76,-1.0
6.691,197.4696,1.4304e-05,302.789,-1.0
3.0275,199.6489,9.848e-06,112.066,-1.0
3.8177,399.6639,5.8548e-06,12.992,-1.0
4.9743,245.6647,1.7842e-06,12.8,-1.0
2.7053,287.8908,4.9279e-06,19.456,-1.0
13.61,262.2627,2.1546e-05,13.568,-1.0
31.9618,54.62038,3.8427e-06,2.048,-1.0
4.465,517.4349,2.9571e-06,20.992,-1.0
1.9471,35.87224,7.9647e-07,36.864,-1.0
2.5814,287.3114,1.791e-06,17.152,-1.0
2.2484,63.89505,1.8724e-06,37.12,-1.0
2.4537,30.3311,1.3982e-06,11.52,-1.0
18.5493,204.3109,2.7014e-05,18.944,-1.0
7.0448,4479.947,6.445e-07,1.344,-1.0
2.3064,8710.454,3.4231e-07,7.68,-1.0
9.1544,234.2252,2.4199e-05,92.737,-1.0
6.033,108.4535,4.9986e-06,22.078,-1.0
93.7506,227.8019,8.8021e-05,12.288,-1.0
10.222,20.3665,2.5311e-06,15.552,-1.0
2.1378,148.2286,2.5681e-06,91.585,-1.0
4.4832,183.0128,3.0852e-06,13.312,1.5169
6.838,175.6301,9.1061e-06,46.721,-1.0
1.8068,562.2234,5.6035e-07,7.424,-1.0
11.1129,281.2231,5.2114e-05,103.426,0.755
4.2976,159.4055,5.6892e-06,34.049,-1.0
7.191,456.3367,1.5292e-05,33.921,-1.0
2.7227,166.9659,4.1957e-06,126.722,1.9685
1.6993,83.49719,1.2373e-06,21.248,-1.0
44.2603,35.01699,9.2055e-06,2.752,-1.0
6.9058,372.6089,1.7635e-06,2.24,-1.0
1.6716,73.58239,1.0219e-06,19.456,-1.0
3.5376,431.7447,2.4923e-06,31.232,-1.0
4.9645,37.26411,3.5374e-07,0.384,-1.0
13.4452,100.5328,1.1272e-05,61.952,-1.0
9.9827,1126.147,1.1741e-05,45.825,-1.0
4.47,105.7332,7.8107e-06,46.337,0.689
3.4445,78.33326,1.4565e-06,14.336,-1.0
16.8558,117.1017,1.2033e-05,20.736,-1.0
22.2673,177.6338,1.9695e-05,13.568,-1.0
2.5671,95.71761,4.3751e-06,91.329,-1.0
13.6635,667.6653,6.0272e-05,62.977,4.35
10.13,37.18987,1.3783e-06,3.328,-1.0
6.8273,652.4463,1.6257e-05,26.624,-1.0
2.2041,108.0324,3.6017e-06,72.704,-1.0
28.9728,346.7472,5.3558e-05,39.041,-1.0
4.9114,692.5423,4.4723e-06,17.92,-1.0
3.995,169.9458,6.0188e-06,51.2,-1.0
1.7668,550.8626,3.3953e-07,0.512,-1.0
3.7123,269.2654,4.2107e-06,158.72,-1.0
15.6729,196.6831,6.5933e-06,64.128,0.889
1.5784,170.3711,8.0518e-07,4.352,-1.0
1.4505,962.6489,2.2315e-07,1.28,-1.0
5.3254,53.03191,3.8918e-06,44.737,-1.0
2.8185,122.0128,6.0145e-06,62.465,-1.0
26.7766,133.8944,1.6586e-05,15.677,-1.0
3.1868,49.45244,1.165e-06,14.336,-1.0
14.2978,256.3956,1.6194e-05,62.657,-1.0
4.1971,9.908859,6.7744e-07,16.384,-1.0
9.9135,1274.949,1.4237e-05,10.752,-1.0
2.3364,193.2837,8.0793e-07,12.288,-1.0
2.1371,142.3914,2.5517e-06,14.848,-1.0
2.638,28.61046,6.5456e-06,58.369,-1.0
3.5827,39.61515,3.743e-06,32.768,-1.0
1.4127,46.00897,9.2608e-07,25.344,-1.0
3.8791,113.9542,1.432e-05,141.059,-1.0
6.5627,614.6926,2.5458e-06,1.664,-1.0
3.7284,452.8559,1.0896e-06,0.256,-1.0
3.17,118.0952,1.5372e-06,19.712,-1.0
1.7789,252.2477,1.6377e-07,1.728,-1.0
2.3267,681.7196,8.025e-07,0.512,-1.0
1.658,565.5834,1.2722e-07,0.768,-1.0
6.8179,248.0648,1.0365e-05,20.992,-1.0
2.8033,358.4693,8.8082e-06,212.995,-1.0
2.6209,76.02265,6.2323e-06,37.889,-1.0
2.2915,35.17495,2.4463e-06,30.208,-1.0
2.098,307.232,8.2427e-07,8.192,-1.0
3.8493,221.2021,9.1294e-06,24.704,2.2045
3.0925,122.3948,3.775e-06,32.513,-1.0
20.1158,330.4149,2.5822e-05,11.264,-1.0
1.5451,111.0307,3.1063e-06,91.134,-1.0
16.3686,67.37186,1.6266e-05,22.784,-1.0
6.0541,185.2286,4.3972e-06,12.864,-1.0
4.3715,30.93943,4.0273e-06,30.72,-1.0
3.7578,69.09257,2.8856e-06,113.92,-1.0
4.6315,964.5307,1.5847e-06,0.64,-1.0
2.1988,59.46344,1.9114e-06,17.152,-1.0
12.4182,123.4011,1.0732e-05,39.677,-1.0
4.5454,64.35129,2.878e-06,25.6,-1.0
4.5679,55.83808,3.7368e-06,26.624,-1.0
0.8667,596.7103,1.2463e-07,0.896,-1.0
0.3281,176.5626,5.6227e-08,0.576,-1.0
2.8538,1532.831,3.7157e-06,51.841,-1.0
2.5359,51.78542,1.6823e-06,15.104,-1.0
2.2656,827.1097,1.4411e-06,36.352,-1.0
65.2531,225.5229,0.00017972,64.577,-1.0
1.102,534.7946,1.7285e-07,0.448,-1.0
2.9941,40.40855,1.9165e-06,18.432,-1.0
2.6099,52.29201,2.1305e-06,60.16,-1.0
58.9579,201.785,0.00020146,449.415,-1.0
3.3195,137.2354,1.1114e-06,19.456,-1.0
4.5194,89.291,5.7886e-06,46.592,-1.0
16.2113,1002.72,7.3168e-05,33.537,-1.0
3.3084,111.352,6.7157e-06,73.217,-1.0
4.5642,116.4013,1.7803e-06,7.68,-1.0
2.8379,85.82873,6.4844e-07,2.816,-1.0
5.4223,149.6656,1.2302e-05,71.681,-1.0
7.9814,212.4747,2.8009e-05,80.897,-1.0
3.4571,100.3805,5.3668e-06,27.073,-1.0
11.0527,490.899,1.3729e-05,27.328,-1.0
2.4858,190.5713,3.3218e-06,12.544,-1.0
7.9475,124.65,1.5772e-06,1.792,-1.0
3.5877,1082.939,6.6405e-06,37.633,-1.0
7.7801,135.3795,6.4104e-06,15.36,-1.0
3.4569,510.5845,4.4239e-06,56.513,-1.0
6.3849,81.41959,1.59e-06,3.84,-1.0
22.7592,164.9205,4.3448e-05,178.691,-1.0
4.5479,37.94367,5.0656e-06,26.621,-1.0
4.9252,795.2971,6.4409e-06,28.864,-1.0
3.9991,117.1459,1.3508e-06,11.52,-1.0
2.5995,72.17573,3.5602e-06,36.097,-1.0
11.5345,50.43893,3.2559e-06,10.496,-1.0
3.1557,272.1455,9.2306e-06,175.363,-1.0
1.7685,374.9549,1.6419e-07,1.28,-1.0
4.8834,60.10856,7.4724e-06,65.024,-1.0
1.6719,149.4255,1.8056e-07,0.416,-1.0
22.2304,125.9482,3.8795e-05,103.426,-1.0
5.3488,229.2558,1.217e-05,288.005,-1.0
2.0252,52.47877,3.4278e-07,5.888,-1.0
1.9261,1302.46,3.3617e-06,17.408,-1.0
10.2744,581.5842,1.6614e-05,7.68,-1.0
1.223,477.2156,5.0869e-08,0.864,-1.0
3.3702,420.9026,3.6315e-06,15.613,-1.0
7.2445,639.8347,1.8252e-05,24.064,-1.0
0.8701,302.0649,2.2018e-06,34.816,-1.0
4.2366,195.9621,9.3529e-06,49.665,-1.0
8.4076,210.6718,4.7044e-06,8.96,-1.0
4.8644,93.91585,8.6729e-07,5.12,-1.0
3.2607,117.6338,4.6871e-07,0.832,-1.0
3.3731,111.8111,4.1294e-06,44.801,-1.0
1.7276,575.6479,3.3151e-06,76.481,-1.0
2.9216,144.2363,7.3949e-06,166.915,-1.0
1.6865,359.8159,3.4448e-07,0.192,-1.0
4.2473,265.3578,2.3007e-06,39.169,-1.0
15.9591,341.1284,3.3402e-05,479.239,-1.0
4.4759,40.62779,6.8453e-06,77.824,-1.0
21.7396,274.1907,9.4607e-05,78.849,-1.0
4.7608,598.6384,1.4195e-06,2.624,-1.0
2.8561,161.0389,3.4858e-06,57.857,-1.0
43.6904,308.2263,4.6886e-05,26.369,-1.0
15.0978,1150.763,5.1941e-05,44.288,-1.0
8.1414,176.7166,2.6299e-06,7.168,-1.0
1.4388,281.5472,1.4645e-06,52.736,-1.0
1.2961,119.642,1.0943e-06,22.784,-1.0
3.5121,217.4321,1.1004e-06,10.24,-1.0
6.0402,155.0461,4.3665e-06,28.16,-1.0
6.1906,64.52754,1.0777e-06,2.88,-1.0
1.6018,202.7593,1.0047e-06,7.936,-1.0
1.8228,27.96131,3.4871e-06,60.928,-1.0
22.1107,180.6071,1.8993e-05,11.52,-1.0
6.6083,78.51858,1.0913e-05,66.816,-1.0
10.3339,1469.702,1.1435e-05,5.376,-1.0
5.2515,20.29382,8.6257e-07,4.8,-1.0
16.826,122.114,1.9539e-05,65.281,-1.0
4.0487,93.5544,2.7472e-06,32.641,-1.0
4.2297,153.8543,7.2345e-07,6.912,-1.0
13.2444,503.2753,0.00012897,88.834,-1.0
5.1693,5.273125,2.1689e-06,22.528,-1.0
40.8664,88.10446,0.00011632,100.481,-1.0
24.1277,133.7792,1.1948e-05,5.949,-1.0
2.0972,8.564932,2.1555e-05,335.876,-1.0
1.7086,303.8374,2.6529e-07,1.024,-1.0
5.5986,49.69125,5.1435e-06,44.481,-1.0
1.1842,116.5111,1.8784e-07,3.072,-1.0
24.5176,151.9627,1.678e-05,21.248,-1.0
1.8586,742.6297,2.4204e-06,72.448,-1.0
8.5215,545.2399,3.3082e-05,82.433,-1.0
2.2707,32.79267,4.8938e-07,5.888,-1.0
1.9566,552.5792,1.0891e-06,12.544,-1.0
5.3743,145.6476,1.4084e-06,4.352,-1.0
4.6811,478.7672,2.0288e-05,53.249,-1.0
9.3429,75.20642,1.4403e-05,65.025,-1.0
4.5338,68.02528,4.5256e-06,49.921,-1.0
1.8539,727.7675,1.7217e-06,16.128,-1.0
3.4546,231.6013,2.3813e-06,26.112,-1.0
1.9539,78.23145,1.2727e-06,19.84,-1.0
5.508,162.5843,5.6281e-06,11.2,-1.0
5.0193,141.4276,1.9528e-05,132.994,-1.0
1.4413,118.6465,2.2064e-06,46.336,3.5
1.3802,333.6771,1.2954e-07,0.576,-1.0
3.0966,193.8307,9.0255e-06,161.027,-1.0
4.5649,85.9109,9.5504e-06,54.401,-1.0
0.8536,823.7513,4.1244e-08,0.96,-1.0
4.6818,232.9061,1.9528e-06,15.616,-1.0
4.2688,44.43285,6.4146e-07,3.84,-1.0
1.7316,1076.184,2.2681e-07,0.192,-1.0
5.7972,95.22993,1.3548e-05,75.009,-1.0
7.2922,62.72816,4.9389e-06,20.736,-1.0
1.4152,307.4568,4.447e-07,2.368,-1.0
6.2181,394.8045,1.1845e-05,47.105,-1.0
2.4166,1337.159,2.8185e-07,0.32,-1.0
2.0807,747.3507,4.3097e-07,0.96,-1.0
3.9369,1690.609,2.856e-06,16.189,-1.0
4.3934,704.9849,2.8852e-06,12.029,-1.0
5.2855,708.2114,4.8485e-06,4.608,-1.0
2.4343,170.7739,3.4533e-06,37.633,-1.0
4.2952,317.3202,5.3365e-06,22.144,-1.0
4.6246,58.54986,5.546e-06,43.456,-1.0
11.2429,10.26236,8.355e-06,34.561,-1.0
2.1929,112.9259,3.7413e-06,146.434,-1.0
3.1423,58.7668,4.4247e-07,4.16,-1.0
17.2311,650.5475,4.2022e-05,61.697,0.736
2.5166,913.1441,3.4097e-06,86.528,-1.0
11.0819,1025.694,6.5931e-06,4.125,-1.0
3.7683,53.40467,7.9744e-07,5.376,-1.0
2.1561,75.41248,7.5594e-07,10.24,-1.0
4.1762,168.1707,7.7158e-06,36.097,-1.0
7.0481,144.0379,2.3036e-05,60.545,-1.0
3.0379,82.64994,2.8155e-06,14.08,-1.0
3.674,140.1421,1.104e-06,27.264,-1.0
2.9838,63.53382,1.7721e-06,34.816,-1.0
23.4779,88.20311,2.2974e-05,23.04,-1.0
1.2905,353.5197,2.4411e-07,0.128,-1.0
3.3838,71.50983,8.3544e-07,10.24,-1.0
13.9738,150.7134,5.5154e-05,127.746,-1.0
4.4722,68.18591,2.2296e-06,12.544,-1.0
0.892,413.7592,2.3798e-07,0.064,-1.0
4.1125,66.97651,7.042e-07,4.352,-1.0
6.4699,199.4792,7.2761e-06,13.312,-1.0
3.187,83.69872,3.842e-06,74.752,-1.0
1.7219,219.384,2.606e-07,0.192,-1.0
3.4091,76.58852,7.3333e-07,5.376,-1.0
3.9778,68.35033,4.5074e-06,44.8,-1.0
2.3082,161.5329,2.2505e-07,0.672,-1.0
13.2349,171.7489,9.0069e-06,24.32,-1.0
1.5845,59.40583,1.4789e-07,0.224,-1.0
14.3614,520.9636,5.4428e-05,191.491,-1.0
15.7836,135.5809,1.7325e-05,12.8,-1.0
2.4106,575.6359,2.29e-06,43.776,-1.0
8.4128,58.29891,2.966e-06,34.561,-1.0
2.7732,64.61806,3.5648e-06,33.281,-1.0
3.5676,152.8279,1.7087e-05,95.234,-1.0
2.6635,90.40485,1.9545e-06,18.432,-1.0
16.958,365.9475,4.3867e-05,127.746,-1.0
8.2026,540.9509,2.4481e-06,2.24,-1.0
2.9827,192.9983,5.729e-06,114.69,-1.0
2.0017,243.9339,2.1028e-07,0.448,-1.0
13.2836,571.4997,4.9527e-05,18.176,-1.0
1.3461,275.0185,3.9049e-07,7.936,-1.0
4.3406,482.1331,5.6346e-07,0.24,-1.0
1.4607,1105.012,6.192e-07,13.312,-1.0
4.5056,82.33972,1.0534e-05,64.001,1.24
3.234,31.74796,1.5667e-06,33.536,-1.0
3.7878,132.1912,1.064e-06,10.24,-1.0
1.509,227.3371,3.8259e-07,0.384,-1.0
2.8339,247.0224,4.5416e-06,39.489,-1.0
2.701,75.96981,1.2639e-06,14.336,-1.0
3.8085,282.4951,9.0634e-06,86.017,-1.0
2.2978,172.5273,1.3553e-06,18.688,-1.0
30.9556,465.1933,3.7042e-05,21.822,-1.0
3.0315,184.2576,1.0405e-05,77.185,-1.0
2.2265,228.4369,2.4535e-06,59.648,-1.0
6.9096,142.5977,7.4085e-06,15.613,-1.0
2.7189,83.0132,2.3535e-06,33.024,-1.0
4.1365,433.7194,5.8414e-06,34.813,-1.0
8.9868,223.4681,2.0674e-05,118.018,-1.0
2.3041,181.0465,2.157e-06,25.6,-1.0
2.9485,78.39101,2.4869e-06,43.776,-1.0
2.5755,981.555,7.0505e-07,0.256,-1.0
1.4725,75.58098,4.2351e-07,5.376,-1.0
3.5862,44.40753,2.1035e-06,67.328,-1.0
5.5971,77.86281,7.9885e-06,34.369,-1.0
88.7041,125.2563,6.3139e-05,15.616,-1.0
2.2456,253.9467,1.2448e-06,21.504,-1.0
3.2024,754.8055,1.4369e-06,9.216,-1.0
4.8619,66.78596,6.7277e-06,98.626,-1.0
3.9374,237.9946,4.3826e-06,60.161,-1.0
3.0798,100.6275,1.5766e-06,35.84,-1.0
1.6418,153.6728,1.7217e-06,43.52,-1.0
7.897,50.39355,1.8542e-06,8.704,-1.0
13.3864,115.9969,9.1782e-06,26.368,-1.0
2.3007,101.6852,8.5794e-06,163.331,-1.0
4.1704,678.2327,9.8981e-06,24.576,-1.0
3.076,574.116,6.7844e-06,116.736,-1.0
2.1008,128.4688,2.4509e-06,29.44,-1.0
28.9877,161.8354,2.502e-05,23.744,-1.0
3.5847,1462.343,5.426e-06,9.472,-1.0
3.6683,51.60627,6.8193e-06,46.849,-1.0
3.4026,1659.394,3.1809e-07,0.768,-1.0
6.1345,71.45165,1.0611e-05,58.43,-1.0
4.7478,40.12205,6.5647e-06,35.905,-1.0
11.2137,251.7603,1.6119e-05,28.736,-1.0
6.1988,279.144,1.2703e-05,46.849,-1.0
6.1704,329.9301,7.5439e-07,0.96,-1.0
2.2681,164.2563,1.7603e-07,0.272,-1.0
40.706,770.1132,0.00014114,40.193,-1.0
3.8474,813.2078,1.2997e-06,6.08,-1.0
2.4226,322.3816,5.0398e-06,63.233,-1.0
2.2957,127.1528,8.7914e-07,3.84,-1.0
3.3027,81.27497,2.3263e-06,16.512,-1.0
4.3206,64.26194,3.7181e-06,31.169,-1.0
1.8169,183.1976,2.9813e-06,51.712,-1.0
7.8887,345.2198,6.7779e-06,19.262,-1.0
4.9482,75.58894,9.4843e-06,82.177,-1.0
2.2731,1425.575,2.4551e-06,46.08,-1.0
2.1677,106.9763,8.3558e-07,8.192,-1.0
90.2743,898.7153,0.00028962,37.633,-1.0
3.1268,194.5698,3.0268e-06,40.192,-1.0
23.6129,284.7611,6.958e-05,58.497,-1.0
12.9183,112.6186,1.7677e-05,64.257,-1.0
23.2166,151.8146,1.3408e-05,13.824,-1.0
2.5486,48.56984,1.6151e-06,12.288,-1.0
2.0046,63.30679,3.989e-06,51.009,-1.0
60.3315,157.3143,9.355e-05,40.96,-1.0
1.2047,202.2788,3.2835e-07,0.128,-1.0
3.4339,127.7811,5.5426e-06,116.93,-1.0
44.211,187.922,7.6637e-05,67.585,-1.0
1.3485,620.8117,2.3705e-07,0.192,-1.0
12.763,147.2107,1.1887e-05,18.88,-1.0
1.7727,183.0186,2.4307e-06,36.608,-1.0
6.5631,55.95835,2.5374e-06,23.613,-1.0
13.4631,243.1477,3.7214e-05,33.537,-1.0
3.3527,21.71097,1.2947e-06,12.544,-1.0
3.2945,203.5597,6.0235e-07,1.792,-1.0
2.4391,104.4151,3.7606e-06,68.864,-1.0
4.2171,162.6165,2.793e-06,16.896,-1.0
0.9876,1973.665,1.2255e-07,0.256,-1.0
20.695,92.14346,6.7209e-06,9.28,-1.0
1.7494,95.50806,7.1043e-07,4.352,-1.0
2.6317,80.73792,8.6817e-06,82.689,-1.0
2.4154,108.1331,2.8721e-07,2.304,-1.0
12.269,128.4819,7.8384e-06,10.688,-1.0
0.7498,879.9354,8.351e-08,0.16,-1.0
5.5778,128.9986,7.3004e-06,28.477,-1.0
34.2545,186.6007,6.3046e-05,48.897,-1.0
5.0667,1097.971,1.8888e-06,0.384,-1.0
4.5876,51.11371,3.8213e-07,1.408,-1.0
12.1006,100.6759,9.7653e-06,29.696,-1.0
1.9526,219.2394,3.0487e-07,4.864,-1.0
7.9701,298.908,1.3674e-05,13.568,-1.0
1.9102,151.9039,2.4547e-06,15.04,-1.0
3.6367,13.30285,1.0749e-05,108.546,-1.0
1.0905,381.0351,1.26e-07,0.192,-1.0
8.1713,96.05462,9.8679e-06,78.081,-1.0
5.9863,53.36421,3.173e-06,17.664,-1.0
12.5827,116.0129,1.0845e-05,105.922,-1.0
1.9693,1023.62,5.3623e-07,0.192,-1.0
6.6032,166.8288,5.5712e-06,16.64,-1.0
5.9942,33.70714,2.6274e-06,26.88,-1.0
9.642,44.7813,3.7615e-05,220.163,-1.0
10.0194,1341.584,5.123e-06,0.176,-1.0
2.5998,6.137039,3.1678e-06,53.249,-1.0
9.1693,188.0462,2.609e-06,6.912,-1.0
7.2106,216.5456,9.6457e-06,28.416,-1.0
0.8814,350.3084,1.997e-07,0.32,-1.0
10.1584,106.9791,2.0341e-06,4.096,-1.0
1.4945,128.8458,4.335e-06,90.112,-1.0
15.6896,782.7846,0.00011619,43.649,-1.0
3.0593,449.6595,2.3678e-06,15.36,-1.0
104.63,228.8074,6.7004e-05,21.248,-1.0
3.9562,48.34585,1.8375e-06,19.2,-1.0
4.4249,553.7648,1.2393e-06,2.048,-1.0
1.9015,109.8357,4.9971e-07,7.936,-1.0
1.2776,270.2714,1.8621e-06,87.552,-1.0
25.4155,383.6432,3.2272e-05,11.008,-1.0
3.7966,105.5726,8.7058e-07,8.704,-1.0
4.6401,1317.447,2.2744e-06,0.448,-1.0
11.6615,110.597,1.2288e-05,108.802,-1.0
2.1225,798.5958,4.9405e-06,25.28,-1.0
3.81,383.0347,7.552e-06,57.857,-1.0
3.805,82.42425,5.3384e-06,131.84,-1.0
1.79,1970.696,1.6406e-07,2.944,-1.0
1.567,1995.598,5.5777e-07,8.128,-1.0
2.871,723.0015,1.0917e-06,11.52,-1.0
7.753,228.2868,4.1079e-05,47.873,-1.0
1.7029,185.039,1.1432e-07,0.192,-1.0
9.345,1209.843,4.9175e-06,1.6,-1.0
4.0831,97.81355,6.6057e-07,3.328,-1.0
2.5456,757.4197,7.4943e-07,15.104,-1.0
1.8304,190.4143,2.0949e-07,1.728,-1.0
3.0781,197.914,5.5484e-06,78.081,-1.0
6.0285,139.2139,3.919e-06,58.369,-1.0
2.012,535.5312,1.9792e-06,17.408,-1.0
2.3745,168.037,3.6446e-06,64.257,-1.0
2.0722,481.6834,3.0558e-07,1.728,-1.0
3.8516,66.58561,3.3516e-06,31.232,-1.0
15.8351,31.08964,5.2448e-06,17.344,-1.0
4.1442,88.21818,1.2778e-06,10.752,-1.0
22.0697,135.4202,1.0847e-05,22.528,-1.0
2.1353,144.1356,4.3291e-06,94.72,-1.0
3.0299,325.3508,3.7066e-07,1.408,-1.0
3.2785,19.04589,2.4563e-06,17.408,-1.0
57.2775,126.572,8.8488e-06,1.536,-1.0
10.0702,1274.345,3.0585e-06,27.136,-1.0
7.9344,64.48107,2.4063e-06,6.656,-1.0
17.1811,321.7761,8.3292e-06,8.96,-1.0
2.8226,65.63945,2.5834e-06,27.392,-1.0
10.3013,80.66521,3.1218e-05,122.178,1.549
1.3195,8.635228,5.6784e-07,7.168,-1.0
5.7505,100.997,9.7388e-07,6.72,-1.0
2.5541,150.6182,2.9293e-06,65.025,-1.0
5.9048,45.72306,3.4809e-05,624.459,-1.0
9.3495,136.2242,8.9475e-06,41.729,-1.0
4.2379,184.3552,4.0892e-06,50.177,-1.0
2.0728,100.89,2.5972e-06,31.232,-1.0
13.7468,39.59119,6.5888e-06,55.808,-1.0
10.6674,78.99632,9.3138e-06,20.992,-1.0
3.9841,66.54747,3.464e-06,51.457,-1.0
2.9237,205.2015,1.7834e-06,13.824,-1.0
7.1858,1088.516,3.0693e-06,0.896,-1.0
2.0374,366.7671,2.6478e-06,25.088,-1.0
20.8706,322.211,2.2892e-05,7.485,2.83
12.118,183.5438,1.3898e-05,29.184,-1.0
3.6696,29.62894,3.8211e-06,27.009,-1.0
4.053,64.76248,1.7522e-06,11.52,-1.0
2.5824,222.7525,3.5842e-06,282.372,-1.0
1.6982,320.5195,3.0334e-06,59.392,-1.0
1.9177,278.9579,2.3712e-07,2.24,-1.0
10.298,56.70808,3.0308e-06,11.52,-1.0
4.6245,195.477,7.778e-06,51.457,-1.0
13.2549,163.392,7.8146e-06,15.808,-1.0
1.676,6729.552,1.8202e-07,0.32,-1.0
1.8885,288.109,3.8185e-07,5.632,-1.0
1.0633,81.03541,1.422e-06,62.976,-1.0
9.7516,527.2282,1.5075e-05,8.256,-1.0
9.9053,387.3659,1.5615e-05,111.618,-1.0
3.6478,105.5148,3.211e-06,88.832,-1.0
2.403,284.8155,5.3497e-07,0.256,-1.0
2.556,321.0804,2.5687e-06,9.024,-1.0
32.3467,494.6345,3.6311e-05,17.664,-1.0
4.6787,128.3116,1.5006e-05,70.401,-1.0
1.8754,359.0336,2.0797e-06,15.36,-1.0
7.8914,175.9227,6.1237e-06,9.79,-1.0
13.7418,247.8119,0.00017233,160.771,-1.0
5.4449,383.827,6.9773e-07,0.288,-1.0
1.3746,608.893,4.3956e-07,7.168,-1.0
5.5531,124.4178,1.1605e-05,48.129,-1.0
1.9222,117.2527,1.5154e-06,24.32,-1.0
1.9511,132.9493,5.7854e-07,3.328,-1.0
9.0978,69.64061,2.7153e-06,13.76,-1.0
6.3379,71.35028,2.2658e-06,13.312,-1.0
3.8912,134.022,8.3213e-06,232.708,-1.0
7.4006,119.869,1.129e-05,96.002,-1.0
2.6066,104.6929,1.3461e-06,27.392,-1.0
1.6367,1006.982,1.1873e-06,2.816,-1.0
3.539,199.9962,5.2569e-07,0.64,-1.0
2.4688,120.8044,2.5992e-06,39.936,-1.0
3.1695,257.6392,8.2414e-06,50.177,-1.0
4.1648,913.6191,3.0438e-06,58.112,-1.0
7.4161,128.6725,2.5297e-05,62.401,-1.0
10.739,56.731,3.8771e-06,11.008,-1.0
7.0113,91.3898,1.559e-05,39.425,-1.0
0.5735,1295.941,1.2686e-07,0.128,-1.0
9.1038,4248.143,3.3732e-06,0.96,0.903
1.2629,174.842,1.7755e-06,47.872,-1.0
1.137,253.4285,1.8732e-07,0.08,-1.0
2.9661,1414.111,1.7793e-07,0.576,-1.0
5.0236,155.758,3.352e-06,7.104,-1.0
2.5709,93.27965,1.2715e-06,20.224,-1.0
2.1534,2105.306,3.6879e-07,1.92,-1.0
1.5126,280.3673,1.6691e-06,32.0,-1.0
5.8034,1348.828,1.7866e-06,0.16,-1.0
4.9255,90.742,4.5632e-07,0.896,-1.0
4.4534,865.9876,2.2479e-06,6.656,-1.0
14.5374,163.0874,2.3746e-05,68.417,-1.0
11.3904,23.16288,8.4767e-05,215.555,-1.0
2.4731,15.25761,6.3406e-07,6.4,-1.0
1.1391,45.88298,1.0033e-06,28.16,-1.0
3.2615,277.8296,4.8345e-07,0.96,-1.0
1.4632,176.0868,3.7752e-07,0.208,-1.0
5.2856,189.1959,8.2276e-06,36.349,-1.0
4.2907,130.4152,2.7462e-05,110.082,-1.0
2.412,76.35362,1.4664e-06,12.544,-1.0
2.6048,201.9594,5.1596e-06,66.945,-1.0
4.8652,90.25968,1.0863e-05,48.125,-1.0
2.9819,119.9898,4.2502e-06,62.465,-1.0
3.5268,130.2042,5.7438e-06,26.112,-1.0
1.8807,104.7857,2.2456e-06,24.576,-1.0
3.2358,1263.308,9.0991e-07,0.288,-1.0
6.461,36.94472,1.397e-06,17.664,-1.0
12.9935,41.36665,2.2537e-05,103.938,-1.0
9.0924,881.9449,5.0136e-06,0.144,-1.0
4.2157,51.07975,5.1139e-06,62.977,-1.0
15.8441,267.0131,7.3963e-05,78.593,3.51
4.5652,63.01025,3.6991e-06,14.912,-1.0
2.0431,104.6787,7.4433e-06,66.816,-1.0
6.7719,111.3917,2.1712e-05,56.065,-1.0
4.0955,161.6079,1.3087e-06,20.224,-1.0
1.4724,1303.947,4.2462e-07,4.352,-1.0
2.153,3482.75,2.6038e-06,36.864,-1.0
1.8413,2340.048,2.6084e-07,3.136,-1.0
2.7662,243.3263,9.9778e-07,11.008,-1.0
1.7989,95.7095,1.5698e-07,1.152,-1.0
1.7991,437.2223,4.2425e-07,0.96,-1.0
3.6363,1015.652,7.6143e-07,0.32,-1.0
3.3887,189.8853,6.746e-06,59.136,-1.0
13.2432,229.541,1.7465e-05,26.88,-1.0
1.1027,2577.958,4.0413e-07,29.696,-1.0
6.1377,142.4749,1.0148e-05,99.586,-1.0
2.2253,131.2868,1.2463e-06,9.728,-1.0
3.3756,1154.824,6.9835e-07,0.704,-1.0
4.625,85.30086,3.2743e-06,50.176,-1.0
25.4289,86.91359,3.0037e-05,29.697,2.26
7.0304,212.9158,1.3754e-05,153.347,-1.0
6.8048,102.9579,1.3308e-05,22.016,-1.0
7.9767,192.2274,2.2452e-06,2.24,-1.0
16.8919,851.1236,6.1936e-06,0.448,-1.0
200.577,345.8146,4.9196e-05,20.736,-1.0
7.2181,175.6615,8.3883e-06,171.523,3.6
2.4326,437.0633,1.6674e-06,5.76,-1.0
2.277,86.08122,1.8487e-06,34.816,-1.0
1.4106,147.7838,1.0944e-06,29.44,-1.0
2.1382,556.0499,2.721e-06,44.673,-1.0
1.8433,114.9389,1.2666e-06,18.176,-1.0
10.123,239.0585,2.2305e-05,120.77,-1.0
2.705,40.15228,5.6672e-07,3.328,-1.0
1.7691,214.7026,2.7914e-07,2.048,-1.0
2.8492,73.65434,8.4741e-06,74.497,-1.0
29.5819,263.2545,0.00016388,84.993,-1.0
4.3405,165.3636,2.5531e-06,20.224,-1.0
1.7727,147.5197,4.3788e-06,65.665,-1.0
2.2359,309.4303,1.8053e-07,0.192,-1.0
3.1131,126.8758,1.3647e-06,14.848,-1.0
1.9464,548.2061,1.9732e-07,0.384,-1.0
4.4379,99.33138,7.5426e-06,158.978,-1.0
1.7932,125.2012,1.257e-06,28.416,-1.0
5.3563,57.49398,3.9127e-06,48.897,-1.0
2.8444,34.94001,1.5666e-06,26.112,-1.0
21.5799,137.3582,3.1012e-05,43.837,-1.0
40.3019,150.3411,9.9565e-06,5.952,-1.0
17.427,135.0831,1.6877e-05,33.536,-1.0
5.4794,78.0207,5.9884e-07,2.304,-1.0
2.2293,142.0098,6.0578e-06,63.873,-1.0
1.6234,308.7896,8.9552e-07,37.632,-1.0
1.3104,40.44228,6.948e-07,22.016,-1.0
62.1416,432.3745,0.00020087,52.225,-1.0
5.4425,152.0587,3.5117e-06,12.736,-1.0
1.2968,267.9923,3.0532e-07,3.328,-1.0
3.0267,53.00421,9.3595e-07,7.424,-1.0
2.9453,545.8536,1.1074e-06,3.52,-1.0
3.0461,164.4461,3.2621e-06,27.648,-1.0
2.1819,1299.8,6.7333e-07,5.632,-1.0
4.0834,8.302666,4.9027e-06,19.008,-1.0
1.4658,161.172,1.1199e-06,30.72,-1.0
4.5721,91.32261,3.6398e-06,23.808,-1.0
19.6966,124.6478,2.8533e-05,50.177,-1.0
1.6924,111.2893,8.1695e-07,19.968,-1.0
3.0486,793.924,3.9739e-07,0.896,-1.0
1.7085,21.88335,1.0562e-06,23.808,-1.0
20.1981,757.3013,1.0775e-05,22.784,-1.0
9.1148,93.81213,3.1995e-06,13.824,-1.0
1.3684,132.2436,1.6826e-07,0.576,-1.0
2.7708,433.8408,1.8042e-06,37.633,-1.0
2.9005,299.4138,3.4323e-06,33.537,-1.0
18.7521,152.5949,3.0436e-06,1.917,-1.0
1.2689,538.6361,3.1472e-07,1.92,-1.0
2.8209,395.3192,4.0835e-07,3.136,-1.0
17.0446,90.67527,2.9897e-05,36.865,-1.0
1.447,109.9504,1.977e-06,33.792,-1.0
11.0419,104.0199,1.1088e-06,3.456,-1.0
1.8719,74.01711,1.8207e-06,94.208,-1.0
2.6205,218.2395,4.2657e-06,60.16,-1.0
1.425,169.0765,2.3202e-06,50.944,-1.0
1.5518,53.2626,1.0272e-06,23.296,-1.0
3.3445,94.31934,1.2863e-06,54.272,-1.0
1.8033,391.5885,3.685e-06,39.68,-1.0
5.2761,48.24516,3.5024e-06,66.048,-1.0
3.4134,35.99499,8.208e-06,182.275,-1.0
6.6787,305.6822,4.7587e-06,13.056,-1.0
7.2632,117.9207,7.8092e-06,13.056,-1.0
3.4921,33.97072,4.4305e-06,22.528,4.1745
1.5636,224.4709,2.5893e-07,1.28,-1.0
2.507,2437.692,1.1122e-06,22.016,-1.0
1.9703,8.15692,2.285e-06,51.2,-1.0
14.246,15.72404,2.7295e-06,5.504,-1.0
5.2281,222.1922,3.3206e-06,3.776,-1.0
1.4095,97.77674,1.3352e-07,0.192,-1.0
2.7876,1962.791,7.2576e-07,0.32,-1.0
5.7318,38.08385,1.3606e-06,4.096,-1.0
1.7806,1506.645,1.9641e-07,0.096,-1.0
2.0466,2030.532,1.6176e-07,0.256,-1.0
6.1753,83.37815,4.1056e-06,17.152,-1.0
8.3251,53.54562,8.7234e-06,37.377,1.398
1.1799,16.42893,1.8645e-06,20.224,-1.0
2.9766,153.918,3.8467e-06,34.557,-1.0
29.5386,442.0692,4.2793e-05,17.92,-1.0
1.9022,332.4683,3.5433e-07,0.192,-1.0
9.2235,172.0153,5.5962e-06,13.824,-1.0
1.1299,1455.23,7.3336e-08,1.28,-1.0
7.8819,75.6189,1.6843e-06,6.4,-1.0
2.028,147.9761,6.7693e-07,16.128,-1.0
311.482,325.735,0.00019793,3.2,-1.0
6.4562,179.1595,2.2702e-06,17.408,-1.0
68.2151,35.45828,2.0729e-05,8.701,0.49
2.7548,45.55084,5.7864e-06,80.64,-1.0
23.2499,165.9377,1.8544e-05,9.28,-1.0
12.6973,206.7122,7.4368e-06,6.912,-1.0
2.3411,317.1757,8.5046e-07,0.96,-1.0
3.5483,174.1921,2.3814e-06,20.224,-1.0
6.3556,358.2522,1.4232e-05,42.497,-1.0
1.6007,47.18855,1.0264e-06,10.624,-1.0
3.1063,305.8302,4.712e-06,102.144,-1.0
4.0749,86.57313,5.6362e-06,120.32,-1.0
3.2238,408.3808,2.0419e-06,60.673,-1.0
5.9342,32.76804,1.3413e-06,15.296,-1.0
1.7416,228.3452,6.191e-07,8.768,-1.0
14.6515,65.60121,2.9929e-06,8.96,-1.0
1.3595,462.1144,1.3947e-06,9.984,-1.0
2.123,148.3135,4.4241e-06,49.409,-1.0
3.1965,1065.615,9.3854e-07,0.192,-1.0
1.8239,687.9744,1.7404e-07,1.152,-1.0
3.2939,233.0802,1.1489e-06,9.216,-1.0
8.796,41.76733,6.1823e-06,30.657,-1.0
4.6014,127.6894,1.4938e-05,150.53,1.44
2.9701,38.29967,3.9593e-06,90.112,-1.0
1.1397,222.6573,2.6214e-07,0.768,-1.0
2.7869,45.16604,2.9369e-06,32.768,-1.0
1.913,873.7377,4.6306e-07,0.256,-1.0
2.0457,325.2175,4.506e-06,30.721,-1.0
2.2698,38.11475,1.7665e-06,58.113,-1.0
4.7135,61.90469,5.9823e-06,169.472,-1.0
3.4147,45.54861,5.1452e-06,62.977,-1.0
8.1559,54.06239,6.6122e-06,27.776,-1.0
0.5205,292.2196,7.3632e-08,0.016,-1.0
1.7726,112.4661,1.8334e-06,23.552,-1.0
3.5507,158.0408,3.0959e-06,28.672,-1.0
1.2652,253.2802,1.8087e-07,0.512,-1.0
3.4725,1397.861,8.6279e-07,0.384,-1.0
39.2867,2501.246,1.1295e-05,16.0,-1.0
3.9211,78.35515,1.3359e-06,10.24,-1.0
7.635,116.7615,2.0916e-05,123.394,-1.0
4.4233,67.63159,1.7666e-06,12.8,-1.0
3.59,1924.473,1.8183e-06,4.416,-1.0
10.8689,166.3684,1.0721e-05,67.329,-1.0
0.794,756.4455,2.3203e-07,0.144,-1.0
4.3089,114.1923,6.3819e-06,44.801,-1.0
1.4594,512.9665,2.9072e-07,1.088,-1.0
74.0645,209.6741,8.5674e-05,25.857,-1.0
4.7292,98.71595,9.0896e-06,46.081,-1.0
5.3696,73.08649,8.8147e-07,2.304,-1.0
4.4327,47.32678,8.7076e-07,8.192,-1.0
2.9797,36.51347,9.0019e-07,7.424,-1.0
4.9578,105.8486,2.1052e-06,6.784,-1.0
4.0915,153.8494,2.2196e-06,14.336,-1.0
1.7593,1005.827,7.2167e-07,12.8,-1.0
4.0043,61.90986,6.0928e-06,47.361,-1.0
4.4931,31.86862,1.3373e-06,6.912,-1.0
2.0525,176.4768,3.959e-06,47.36,-1.0
4.5899,571.2694,5.1951e-07,0.448,-1.0
2.0131,55.60358,5.1244e-06,95.746,-1.0
3.356,247.9144,4.3789e-06,25.601,-1.0
9.1445,164.1146,1.8854e-06,3.584,-1.0
3.4509,111.774,5.9999e-06,84.481,-1.0
13.6734,362.6032,5.325e-05,60.289,-1.0
3.824,47.05757,3.8455e-06,36.096,-1.0
1.9271,663.3823,2.5147e-07,0.384,-1.0
6.9485,58.66891,2.3743e-05,112.639,-1.0
1.4891,296.4536,1.4234e-06,23.808,-1.0
8.8811,119.9615,7.2988e-06,19.072,-1.0
3.0815,115.0232,6.4122e-06,61.952,-1.0
1.9456,91.06267,2.7198e-07,3.52,-1.0
2.5602,74.9754,1.5063e-06,22.528,-1.0
1.0559,213.3653,4.341e-07,17.728,-1.0
1.7097,402.3519,2.8365e-07,0.96,-1.0
2.6663,527.7947,2.0629e-06,61.44,-1.0
24.8942,56.65742,8.3071e-06,7.165,-1.0
4.5154,63.09206,2.5274e-07,0.704,-1.0
4.0776,170.6791,1.461e-06,9.728,-1.0
4.6755,111.1019,2.2273e-06,44.544,-1.0
0.7603,265.2896,1.9005e-07,0.384,-1.0
3.0282,37.52621,1.1132e-06,8.704,-1.0
11.0174,109.4712,8.1527e-06,14.464,-1.0
10.5498,253.91,0.00012788,165.378,1.567
2.7458,66.74775,1.389e-06,28.416,-1.0
3.7861,109.7969,2.248e-06,24.064,-1.0
10.9564,691.0065,2.9345e-05,147.97,0.725
11.025,99.69467,2.2341e-06,3.008,-1.0
3.1618,1328.866,1.3125e-06,0.448,-1.0
2.1321,91.1549,9.5878e-07,18.56,-1.0
1.3711,47.7211,1.0078e-06,20.48,-1.0
16.0021,303.5868,4.245e-05,90.369,-1.0
23.789,40.27231,3.3542e-05,80.641,-1.0
19.7831,1.114437,8.5897e-06,19.456,-1.0
5.267,288.9308,2.028e-05,130.05,-1.0
7.6763,156.0203,3.9205e-05,147.459,-1.0
60.7364,87.53395,2.4271e-05,6.4,-1.0
1.6941,240.0643,6.3069e-06,210.178,-1.0
2.6391,42.83372,2.2269e-06,63.488,-1.0
8.5839,1327.002,3.4265e-06,0.64,-1.0
2.4452,49.53675,3.3749e-07,2.752,-1.0
3.3649,373.1155,7.9853e-06,25.92,-1.0
1.4628,165.59,2.2827e-06,37.568,-1.0
5.8532,186.9661,3.9051e-06,12.544,-1.0
35.677,131.5606,1.7611e-05,4.669,-1.0
7.9754,72.2599,5.0024e-06,14.464,-1.0
6.4691,111.0276,2.6183e-06,15.872,-1.0
2.3495,105.1727,3.6585e-06,30.973,-1.0
4.0995,100.0733,7.3661e-07,3.456,-1.0
1.8111,8044.083,1.8706e-06,55.296,-1.0
4.5928,77.32507,7.4714e-06,71.424,-1.0
3.195,100.5423,3.5928e-06,44.8,-1.0
5.9539,1173.853,1.0749e-05,37.505,-1.0
5.3575,63.43052,1.6335e-05,122.624,-1.0
3.441,95.2661,8.4979e-07,8.96,-1.0
2.9175,134.0635,2.4539e-06,33.024,-1.0
2.4098,515.4422,3.0284e-06,43.264,-1.0
3.5343,417.4829,5.9576e-06,67.584,-1.0
2.6127,123.6426,1.1738e-06,37.12,-1.0
2.9591,90.29831,2.3031e-06,38.4,-1.0
9.3941,413.8625,2.0734e-05,46.337,-1.0
2.3897,27.81833,6.571e-07,7.68,-1.0
26.6774,230.145,1.8164e-05,12.032,-1.0
2.6063,351.9431,4.2049e-07,1.472,-1.0
17.614,249.5819,6.6695e-05,37.121,-1.0
9.7139,160.8391,2.5227e-05,96.513,-1.0
1.4699,2159.464,2.71e-07,1.28,-1.0
2.4721,46.75106,1.7166e-06,28.928,-1.0
4.357,70.95785,6.9808e-06,107.522,-1.0
15.7167,89.50965,1.1668e-05,35.584,-1.0
12.0052,836.8618,1.8853e-05,26.173,-1.0
27.8747,227.8009,5.607e-05,87.041,-1.0
18.1324,574.852,2.6427e-05,9.024,-1.0
1.4075,184.2104,2.6392e-06,29.185,-1.0
3.6406,90.3913,3.5082e-06,23.037,-1.0
4.0024,109.1092,2.1978e-05,102.338,-1.0
4.6367,148.0352,1.6267e-05,123.138,4.109
3.9377,98.16128,3.6832e-07,0.96,-1.0
2.7113,235.2747,1.0829e-06,26.624,-1.0
29.4166,349.511,0.0001246,120.578,-1.0
0.4019,259.4238,3.8581e-08,0.88,-1.0
1.2653,118.4194,1.5157e-06,31.488,-1.0
2.3477,287.8733,3.9498e-06,52.224,-1.0
2.1595,592.9318,2.9511e-06,186.883,-1.0
7.5991,37.52211,8.9181e-06,38.913,-1.0
1.9807,221.5301,3.0852e-06,60.672,-1.0
36.6471,96.15024,1.4426e-05,5.568,-1.0
3.9206,76.04551,1.4362e-06,12.541,-1.0
3.5873,47.28044,5.0155e-06,50.176,-1.0
1.3318,831.5948,1.0165e-07,2.304,-1.0
0.4417,137.1182,4.6521e-08,0.672,-1.0
1.6778,230.0522,1.3742e-06,37.888,-1.0
3.4773,108.4448,3.7942e-07,1.536,-1.0
21.4611,245.8848,1.2258e-05,7.229,-1.0
1.2658,28.67209,2.3809e-07,0.08,0.093
0.5862,481.8907,1.5784e-07,0.064,-1.0
4.928,223.9345,1.4006e-05,293.637,-1.0
6.0062,19.5157,6.4562e-06,43.521,-1.0
5.4139,753.6707,1.8652e-06,7.936,-1.0
3.7586,157.6212,4.0919e-06,46.398,-1.0
2.0496,1398.724,2.4861e-06,37.888,-1.0
2.3683,79.81424,6.2707e-06,56.065,-1.0
1.1421,90.39935,7.7694e-07,27.648,-1.0
1.9107,136.2948,2.5834e-06,28.928,-1.0
13.6165,93.92531,6.2484e-06,7.229,-1.0
2.2488,592.6368,5.1357e-07,0.64,-1.0
5.4051,106.9583,2.9768e-06,11.968,-1.0
120.14,137.6615,0.00063279,107.266,0.33
16.82,6.381024,3.7475e-06,20.224,-1.0
9.1166,46.31485,2.7932e-06,30.464,-1.0
9.7817,106.5842,2.914e-06,4.48,-1.0
1.4834,572.4605,2.2354e-07,0.128,-1.0
11.9638,31.65636,6.0945e-06,31.233,-1.0
5.8548,128.3823,2.0203e-05,377.862,-1.0
3.5022,101.1708,2.4206e-06,25.6,-1.0
1.2542,1259.629,2.939e-07,8.192,-1.0
3.7031,135.0659,3.2106e-06,29.44,-1.0
16.8584,182.7618,3.8673e-05,55.297,1.728
3.2486,20.78321,5.4559e-06,101.888,-1.0
6.3149,292.1696,3.5378e-06,7.488,-1.0
3.1899,1306.563,1.5459e-06,2.816,-1.0
3.4718,616.801,9.3785e-07,0.08,-1.0
1.8881,214.1131,2.5114e-06,51.456,-1.0
7.5385,144.4983,7.5527e-06,25.344,-1.0
1.4425,347.3151,2.3408e-07,1.728,-1.0
1.7845,64.04967,2.2936e-06,33.792,-1.0
2.0325,832.5666,2.9542e-07,0.896,-1.0
2.1583,195.9808,4.6507e-06,251.136,-1.0
24.9329,62.86865,9.9969e-05,199.172,-1.0
2.5941,141.4279,4.8119e-06,101.633,-1.0
4.2789,128.2527,8.0914e-07,5.76,0.97
1.1647,925.3616,2.5351e-07,0.448,-1.0
3.0377,316.6054,3.2266e-06,32.513,-1.0
463.535,81.25664,0.00014483,70.144,-1.0
4.2462,47.94401,1.9371e-06,25.344,-1.0
1.196,64.96499,1.0398e-06,36.864,-1.0
3.9074,204.0089,4.5224e-06,38.913,-1.0
1.7188,249.1983,1.5797e-06,57.856,-1.0
12.095,109.9916,1.0339e-05,22.016,-1.0
2.4198,200.7757,2.6151e-06,48.896,-1.0
5.9196,18.83629,2.3284e-05,187.137,-1.0
3.5716,193.7806,6.0324e-06,54.785,-1.0
3.1049,192.4493,2.7937e-07,1.664,-1.0
2.6082,173.2767,2.4567e-06,33.024,-1.0
5.8462,1.392028,3.3079e-05,356.357,-1.0
1.6566,267.7626,1.1269e-06,22.528,-1.0
43.18,475.8338,0.00012308,146.69,-1.0
0.961,1192.308,8.9315e-08,1.28,-1.0
1.2369,190.4054,2.7879e-07,14.336,-1.0
9.7387,672.277,2.7523e-05,33.281,-1.0
7.7804,739.7454,1.1347e-05,52.736,-1.0
3.2443,63.31128,2.7282e-06,44.288,-1.0
4.0807,28.21111,1.901e-06,92.416,-1.0
5.9296,184.6083,1.3734e-05,75.265,-1.0
1.5995,212.955,1.8798e-07,2.112,-1.0
1.0421,280.1043,1.5261e-07,0.128,-1.0
2.0156,71.32559,9.8741e-07,15.36,-1.0
1.2458,390.8974,1.1549e-06,34.816,-1.0
1.5155,269.3558,2.512e-07,0.112,-1.0
21.0453,38.2184,6.4061e-06,5.437,-1.0
2.2594,3216.033,2.808e-07,0.192,-1.0
0.6566,385.2341,3.2575e-07,0.064,-1.0
7.1033,64.01397,3.1028e-06,15.36,-1.0
3.575,198.2497,9.7807e-06,89.601,-1.0
2.685,333.2769,2.2171e-07,0.384,-1.0
3.9193,206.5217,3.8791e-06,14.336,-1.0
2.7208,72.05911,8.4654e-07,5.888,-1.0
3.519,87.77583,1.2347e-06,10.496,-1.0
4.902,44.84011,1.6953e-06,16.128,-1.0
2.1659,28.62767,2.2116e-06,27.904,-1.0
16.7255,548.7792,8.1798e-06,6.174,-1.0
1.7412,366.5056,1.4643e-06,38.912,-1.0
2.4847,52.16627,2.134e-06,16.384,-1.0
1.1687,460.8358,2.9241e-06,66.048,-1.0
2.8336,43.05394,2.6631e-06,37.825,2.943
4.6048,93.92876,3.7282e-06,37.12,-1.0
7.5677,128.7963,5.2488e-06,25.857,-1.0
3.0134,698.7835,8.9338e-07,1.28,-1.0
5.8583,51.96137,6.3756e-06,46.593,-1.0
69.8874,953.9892,0.00029474,64.001,-1.0
16.8956,580.4821,2.071e-05,11.072,-1.0
2.802,127.8838,6.1958e-07,5.12,-1.0
3.6955,224.1085,4.5474e-06,22.784,-1.0
2.3802,81.21617,9.949e-07,16.384,-1.0
4.5796,239.4321,3.8035e-06,59.329,-1.0
2.3133,182.7311,4.5954e-06,69.633,-1.0
5.2126,1553.322,3.3023e-06,4.608,-1.0
5.5379,271.3751,1.012e-06,0.768,-1.0
2.3661,56.12498,2.0708e-07,0.704,-1.0
48.3239,225.2349,8.772e-05,81.793,-1.0
1.4304,134.6493,1.3521e-06,14.336,-1.0
1.0873,102.2872,3.5736e-07,11.008,-1.0
20.2933,126.9056,5.8696e-06,2.875,-1.0
51.162,104.6633,7.2171e-05,80.065,-1.0
2.6864,176.8532,8.7854e-07,11.52,-1.0
1.367,342.3125,1.7974e-06,53.248,-1.0
2.0772,208.8962,5.8971e-06,149.507,-1.0
12.4348,1330.849,4.8136e-06,0.384,-1.0
1.9946,132.578,4.2417e-06,59.648,-1.0
1.8439,103.9701,3.0342e-06,42.496,-1.0
5.2746,49.56929,3.0375e-06,15.36,-1.0
4.2248,57.53798,6.2496e-07,4.864,-1.0
4.9516,80.56311,2.6994e-06,39.169,-1.0
2.3563,827.2051,3.6264e-06,111.872,-1.0
2.8469,500.7811,9.5696e-07,0.144,-1.0
0.9859,466.7127,1.3592e-07,0.288,-1.0
3.7983,531.3223,3.5072e-06,27.392,-1.0
3.6459,31.46551,4.0795e-07,6.144,-1.0
14.5597,108.6492,8.8681e-06,21.504,-1.0
189.032,59.32347,2.8758e-05,4.096,-1.0
25.3033,174.1908,3.4194e-05,20.992,-1.0
14.4628,93.47771,2.9972e-05,42.433,-1.0
11.5845,175.0047,2.4445e-06,3.84,-1.0
4.6779,217.6391,8.8767e-06,77.057,-1.0
24.0232,378.8143,2.6418e-05,12.992,-1.0
4.6152,124.8948,4.5503e-06,19.712,-1.0
4.6177,1421.806,7.7268e-07,0.512,-1.0
13.4708,18.11988,2.0269e-05,15.872,-1.0
18.4406,115.4017,2.4096e-05,46.593,-1.0
2.8604,107.7792,6.786e-06,79.104,-1.0
7.3866,991.0087,3.728e-06,4.096,-1.0
3.7809,58.34598,2.1037e-06,63.745,-1.0
6.4254,95.6552,7.2899e-06,94.977,-1.0
2.3683,12.53604,8.4181e-07,9.216,-1.0
9.0882,199.4617,1.5185e-05,63.489,-1.0
4.8137,1137.074,1.4857e-05,56.32,-1.0
2.6214,483.8791,4.1255e-07,1.152,-1.0
5.1987,46.82886,4.7917e-06,87.808,-1.0
10.1646,747.3481,2.0497e-05,60.673,-1.0
33.5706,166.9349,9.6e-05,49.089,-1.0
7.4391,164.5074,1.454e-05,242.436,-1.0
1.9637,267.9205,3.256e-06,40.193,-1.0
3.8182,103.7164,2.2802e-06,12.544,-1.0
2.109,1248.403,3.1253e-07,0.384,-1.0
3.3045,91.89101,9.4766e-06,82.817,-1.0
19.8251,237.1903,5.7789e-05,60.929,-1.0
3.0888,153.1664,4.3852e-07,1.536,-1.0
2.7344,44.35254,3.9179e-07,3.456,-1.0
3.405,101.5923,3.5447e-06,41.217,-1.0
6.7673,118.1266,5.0994e-07,1.152,0.717
124.548,636.0403,0.00029853,48.897,0.654
4.9711,27.54543,2.8023e-06,41.728,-1.0
7.1308,33.6078,7.9689e-06,33.856,-1.0
1.8704,158.3467,4.974e-06,105.472,-1.0
7.2614,143.0753,2.7329e-06,7.424,-1.0
2.3981,392.4195,1.5097e-06,12.032,-1.0
1.5925,168.3024,1.4272e-06,48.385,-1.0
44.2812,41.70849,1.2003e-05,22.529,-1.0
4.4814,205.0242,1.0903e-05,27.776,-1.0
7.0666,114.5794,2.8228e-06,7.616,-1.0
2.7854,163.615,1.4376e-05,93.954,-1.0
2.5976,321.5417,4.4426e-06,21.248,-1.0
5.6623,316.5935,1.3925e-05,120.578,-1.0
22.9201,1153.233,2.6028e-05,22.016,-1.0
2.664,159.204,1.3441e-06,7.424,-1.0
30.67,82.17387,1.1752e-05,37.889,-1.0
4.4538,137.1976,3.6287e-06,47.616,-1.0
1.7011,51.95245,1.3901e-07,0.192,-1.0
2.7799,174.3832,3.7314e-06,96.768,-1.0
2.4521,136.1365,4.6705e-06,165.888,-1.0
5.5387,69.95232,8.2779e-06,117.25,-1.0
5.7544,267.2618,4.9459e-06,12.608,-1.0
2.5478,124.5525,2.1269e-06,28.672,-1.0
2.7518,93.96033,1.6733e-06,27.648,-1.0
18.353,481.389,0.00017692,122.882,2.53
1.6223,149.7199,1.2694e-07,0.896,-1.0
1.4337,82.74634,1.5855e-06,96.768,-1.0
26.0781,113.3885,1.3631e-05,8.576,-1.0
1.6648,329.6395,1.4936e-06,19.712,-1.0
1.7676,263.1761,3.7975e-07,0.96,-1.0
78.8095,178.0855,0.00015194,31.232,0.642
3.6456,57.45405,9.389e-07,15.616,-1.0
3.0802,60.17133,3.9374e-07,2.56,-1.0
2.5814,78.20564,7.8226e-07,5.888,-1.0
15.6919,194.5019,2.4133e-05,144.643,-1.0
1.5913,327.2169,4.2261e-07,0.256,0.92
10.1664,93.45849,4.3829e-06,7.424,-1.0
6.9662,206.5165,1.305e-05,12.8,-1.0
1.0835,378.3172,1.5196e-06,118.528,-1.0
2.4235,709.7485,1.2031e-06,15.872,-1.0
2.5218,137.5015,1.1394e-05,256.26,-1.0
2.0507,200.0455,4.4858e-06,50.944,-1.0
1.611,136.559,8.4905e-07,20.992,-1.0
7.1008,199.4249,1.1544e-05,37.121,-1.0
2.9796,101.7154,1.3554e-06,9.216,-1.0
1.2411,271.3911,3.8288e-07,5.888,-1.0
2.7083,69.91679,7.176e-07,11.264,-1.0
2.9774,68.19891,2.9765e-07,1.792,-1.0
5.0881,900.3132,1.045e-06,0.704,-1.0
7.0616,101.3076,4.302e-06,10.048,-1.0
2.1084,332.2635,1.841e-06,41.984,-1.0
3.2315,178.6186,2.0012e-06,23.296,-1.0
37.5549,168.5383,3.8494e-05,18.176,-1.0
3.494,2073.914,4.2635e-07,5.952,-1.0
0.9772,199.3367,5.1917e-08,0.704,-1.0
1.5243,357.7861,2.4168e-07,0.096,-1.0
1.749,111.0607,2.12e-06,165.632,-1.0
1.4128,449.7723,1.2526e-07,0.336,-1.0
2.5971,106.1512,2.6097e-06,27.392,-1.0
2.701,89.23039,2.7981e-06,25.6,-1.0
2.8496,270.2412,9.2951e-07,0.256,-1.0
8.2797,134.4574,5.9829e-06,13.76,-1.0
17.346,293.0999,3.4781e-05,31.489,2.332
4.3439,188.1614,3.2174e-06,36.609,-1.0
1.344,31.75503,2.5187e-06,68.608,-1.0
3.9804,84.60294,6.2671e-07,3.328,-1.0
2.8228,163.0848,8.484e-07,8.704,-1.0
13.1583,166.4699,1.7487e-05,53.761,-1.0
1.0616,236.5621,1.6822e-07,0.128,-1.0
3.5518,132.0145,2.5305e-06,14.077,-1.0
1.2553,154.2562,2.0614e-06,56.32,-1.0
22.9613,187.2865,2.1629e-05,11.008,-1.0
1.4948,1613.392,5.7264e-06,74.177,3.85
5.3927,170.6881,3.062e-06,12.288,-1.0
11.619,257.8748,6.4e-06,6.4,-1.0
7.9571,167.7635,1.6963e-05,66.817,-1.0
6.1519,20.15992,3.3388e-06,10.24,2.106
1.0029,8.535569,1.015e-06,79.872,-1.0
3.6864,589.4979,9.4398e-06,75.201,3.35
3.7529,231.167,1.2114e-05,144.13,-1.0
1.9953,94.20176,9.7651e-07,9.728,-1.0
0.8656,751.088,1.9472e-06,62.976,-1.0
4.7546,206.1181,9.91e-07,2.048,-1.0
1.5809,400.1886,1.2062e-07,0.384,-1.0
5.2536,57.52916,2.5751e-06,13.312,-1.0
22.1937,1094.611,8.4296e-05,49.153,-1.0
11.0173,176.013,8.368e-06,20.736,-1.0
3.4949,178.4063,6.6867e-06,85.248,-1.0
5.8087,785.9451,1.1186e-06,0.576,-1.0
2.0007,57.55258,4.3494e-07,0.32,-1.0
1.5968,129.8621,1.1298e-06,30.337,-1.0
7.6009,125.5412,1.4771e-05,148.226,-1.0
1.8567,72.70985,9.0995e-07,25.344,-1.0
15.6158,1145.649,1.4849e-05,76.607,-1.0
49.6655,191.3216,1.7803e-05,3.648,-1.0
5.0313,26.17957,1.4497e-06,15.616,-1.0
5.9568,238.3638,7.3402e-06,101.122,-1.0
4.0727,80.40028,8.4254e-07,3.328,-1.0
8.404,34.55327,1.7987e-06,9.856,-1.0
2.1581,52.84472,7.9036e-07,12.288,-1.0
4.1414,75.44496,1.1739e-06,11.264,-1.0
9.629,199.061,3.6756e-05,76.289,-1.0
14.1045,557.4935,5.0373e-05,141.314,-1.0
3.6035,226.7386,2.1558e-06,7.168,-1.0
3.5801,108.8137,7.3497e-07,10.24,-1.0
2.275,180.3517,3.3297e-06,34.816,-1.0
39.4933,484.6007,0.00011747,103.938,-1.0
15.2547,95.78028,4.8866e-06,12.992,-1.0
166.671,262.1121,0.00011591,17.664,-1.0
2.6587,358.9227,6.8308e-07,1.856,-1.0
4.7411,125.1117,5.9349e-06,29.697,-1.0
6.3757,83.45312,7.1898e-06,28.416,-1.0
2.1911,154.6823,2.8305e-06,156.672,-1.0
1.9184,128.9855,5.366e-07,4.608,-1.0
4.4239,104.8753,4.3614e-06,29.953,-1.0
6.3312,30.47266,2.2312e-06,9.984,-1.0
4.1363,282.3184,6.8894e-06,21.888,-1.0
1.4226,419.7948,3.2263e-07,2.304,-1.0
1.7267,353.1575,2.8491e-06,78.848,-1.0
1.157,552.4937,1.3226e-07,1.664,-1.0
2.3,90.22262,1.7352e-06,19.2,-1.0
6.2935,33.6685,3.7301e-06,38.336,-1.0
1.7299,88.89824,1.2957e-07,0.576,-1.0
2.0287,275.8655,2.7583e-07,0.192,-1.0
1.9712,714.8932,3.4457e-07,0.832,-1.0
2.2748,30.38087,2.6523e-06,68.864,-1.0
4.4807,76.37304,2.525e-06,7.68,-1.0
1.8847,1064.622,7.0907e-07,15.616,-1.0
18.831,46.14996,8.6427e-06,19.008,-1.0
0.7217,71.18953,8.8478e-08,0.128,-1.0
3.382,38.86428,3.8184e-06,71.937,-1.0
35.4229,628.2988,2.9504e-06,0.04,-1.0
2.6367,192.6357,7.1261e-06,136.96,-1.0
8.5305,708.9712,2.8004e-05,37.889,-1.0
3.0905,1054.046,1.4986e-06,0.256,-1.0
2.3919,144.233,1.43e-06,17.664,-1.0
43.2927,538.6307,0.00012872,73.217,-1.0
3.3651,109.3142,1.1451e-05,74.753,-1.0
2.5401,111.6778,1.3801e-05,134.144,-1.0
8.6657,984.9465,3.4197e-05,20.992,-1.0
6.3494,239.6948,1.6959e-05,139.779,-1.0
1.5875,129.7345,3.0979e-07,0.192,-1.0
1.6769,160.3965,6.2735e-07,11.264,-1.0
2.1537,304.4249,2.6008e-06,20.736,-1.0
1.8878,243.2736,2.6435e-06,38.144,-1.0
3.2336,561.3056,6.7886e-07,0.384,-1.0
14.6762,55.24101,2.6866e-06,4.096,-1.0
4.652,36.37638,2.6941e-06,29.633,-1.0
3.333,1130.733,2.2896e-07,1.216,-1.0
1.4176,740.3248,1.6367e-06,38.401,-1.0
5.6049,77.45972,4.8707e-06,17.408,-1.0
1.5352,220.4868,6.2632e-07,8.96,-1.0
32.0144,1270.474,9.8625e-05,51.904,-1.0
8.689,85.95533,5.8327e-06,18.368,-1.0
2.717,68.62363,4.1066e-06,49.152,-1.0
1.9926,716.3449,1.3047e-07,0.96,-1.0
4.4076,107.578,4.8195e-06,28.16,-1.0
7.3186,10.56991,4.6399e-05,408.582,-1.0
2.0021,121.1219,3.9676e-06,76.801,-1.0
5.3053,411.0059,2.114e-05,73.473,-1.0
5.0428,99.29824,8.3008e-06,44.033,-1.0
4.7205,172.1889,6.2129e-06,14.336,-1.0
5.9798,79.00507,3.9656e-06,17.728,-1.0
53.9986,316.2734,5.1938e-05,21.824,-1.0
5.2614,41.46219,1.1628e-06,6.4,-1.0
5.3714,119.3337,1.1454e-05,109.312,-1.0
9.2284,293.8939,1.6619e-05,35.585,-1.0
6.6114,100.614,2.678e-06,13.824,-1.0
1.59,27.90277,9.5055e-07,18.688,-1.0
3.3494,1200.107,7.918e-06,16.512,-1.0
10.5704,180.3922,4.4067e-05,81.921,-1.0
1.3005,1093.348,2.8428e-07,0.32,-1.0
3.9251,224.1141,1.0109e-05,205.828,-1.0
10.3133,94.70414,3.6751e-06,6.656,-1.0
3.9708,303.3963,5.7601e-06,49.601,-1.0
0.9123,125.983,1.2136e-06,22.528,-1.0
3.4807,1117.93,1.0293e-06,0.512,-1.0
2.5973,387.556,3.2689e-06,12.032,-1.0
9.7322,24.22408,2.8821e-06,28.672,-1.0
3.8994,199.3489,1.1183e-06,0.64,-1.0
8.1959,107.4894,8.7397e-06,23.04,-1.0
1.8627,891.6849,5.0807e-07,4.096,-1.0
11.0955,340.4672,3.8227e-05,33.537,-1.0
9.36,156.9713,1.8429e-05,36.865,-1.0
7.7159,50.58457,4.9018e-06,26.624,-1.0
5.1152,128.6636,9.0704e-06,125.439,-1.0
3.7933,66.17114,2.892e-07,0.576,-1.0
2.969,84.41472,6.3631e-07,6.4,-1.0
5.4189,90.14674,2.2959e-06,25.344,-1.0
1.8042,106.2659,4.0376e-06,89.856,-1.0
16.8232,119.9167,2.7302e-05,113.922,-1.0
5.5495,426.2163,3.7919e-06,16.384,-1.0
1.8467,325.7411,8.3327e-07,17.152,-1.0
4.4956,325.2323,7.6782e-06,78.08,-1.0
2.8917,282.071,1.6598e-06,25.344,-1.0
76.9693,164.7928,6.5479e-05,26.881,-1.0
4.5368,71.76686,1.1003e-06,14.848,-1.0
1.1966,213.9797,1.4629e-07,0.16,-1.0
216.846,471.4631,0.00064256,453.385,1.406
8.6466,161.454,2.9501e-05,109.25,-1.0
1.8287,78.82941,1.8639e-06,25.6,-1.0
4.3172,195.1561,5.3859e-06,33.792,-1.0
7.3221,28.11417,3.3297e-06,9.024,-1.0
7.6977,77.1963,7.0289e-06,101.182,-1.0
9.8161,30.27352,6.5541e-06,33.217,-1.0
19.4007,192.9528,5.14e-06,0.64,-1.0
3.9087,282.4739,1.0134e-06,5.12,-1.0
0.9995,1385.335,1.4207e-07,0.48,-1.0
3.2142,39.54123,2.8449e-06,77.056,-1.0
11.9659,364.4275,1.8649e-05,130.05,-1.0
9.3114,32.06276,1.3418e-06,17.92,-1.0
2.717,119.1364,1.9857e-06,43.264,-1.0
3.6653,47.72997,3.1127e-06,22.528,-1.0
4.0091,69.85552,1.7392e-06,13.376,-1.0
3.9078,95.55371,1.1805e-06,8.448,-1.0
5.6632,169.0234,6.0981e-06,36.609,2.823
9.7583,145.0759,3.5555e-06,6.784,-1.0
8.9234,1109.16,2.9851e-06,0.768,-1.0
14.0739,419.7319,3.7249e-05,253.956,-1.0
16.5294,50.44655,1.594e-05,18.432,-1.0
1.0567,132.6035,1.1235e-06,30.72,-1.0
1.2611,113.2149,6.9608e-07,29.44,-1.0
7.5774,91.97031,3.781e-06,28.672,-1.0
3.8761,63.70298,3.198e-06,121.088,-1.0
10.6534,142.5418,5.4354e-06,6.141,-1.0
2.2435,134.8985,3.2678e-06,27.328,-1.0
8.7778,46.2883,2.0279e-06,6.144,-1.0
2.2918,114.1587,4.6905e-07,5.888,-1.0
5.3827,92.11484,4.0682e-06,23.808,1.452
2.4705,167.078,1.3225e-06,17.408,-1.0
1.5364,266.0781,6.7648e-07,5.376,-1.0
3.77,440.7509,3.742e-06,19.712,-1.0
4.0195,178.2039,3.6138e-06,71.422,-1.0
4.5786,88.92719,1.3395e-06,8.96,-1.0
12.2729,216.6721,1.6289e-05,57.089,-1.0
21.9283,663.5215,8.8469e-05,26.497,1.368
11.7167,57.75957,6.7793e-06,45.825,-1.0
2.5496,472.2192,7.1522e-07,0.32,-1.0
1.0764,150.3633,1.8684e-06,113.921,-1.0
1.6901,1438.778,4.9216e-07,0.96,-1.0
17.6701,635.4435,0.00019164,271.364,2.2
6.8543,49.87421,8.4938e-07,2.624,-1.0
4.8786,266.4499,4.7235e-06,166.146,-1.0
5.4604,106.0839,7.6532e-07,1.984,-1.0
3.5885,100.2916,7.0864e-06,118.274,-1.0
15.4772,111.7947,9.4084e-06,20.928,-1.0
5.1911,236.3477,8.9425e-06,117.762,-1.0
11.0632,155.9034,3.8629e-06,35.326,-1.0
2.2879,164.0661,5.248e-07,3.584,-1.0
3.7194,59.38193,2.2682e-06,23.296,-1.0
1.6634,98.52728,1.4392e-06,28.416,-1.0
8.9143,119.9223,1.2651e-05,226.048,-1.0
2.0183,77.21092,8.5721e-06,82.944,-1.0
19.7188,366.8909,3.5676e-05,18.176,2.4
2.4567,90.04148,8.4599e-07,8.96,-1.0
1.9604,86.45248,1.1869e-07,1.6,-1.0
5.164,902.9936,1.1071e-05,33.536,-1.0
2.1848,355.0508,3.1845e-06,54.784,-1.0
1.6864,11571.23,1.3622e-06,52.545,-1.0
9.9143,219.8404,5.0402e-06,7.872,-1.0
4.6124,71.38837,1.6155e-05,131.586,-1.0
3.4811,89.25626,1.6339e-06,13.568,-1.0
2.5519,588.9066,2.599e-06,29.184,-1.0
1.4855,79.31925,7.5282e-07,16.384,-1.0
6.1757,87.79517,1.1975e-05,75.265,-1.0
11.1704,115.8714,1.6466e-06,1.664,-1.0
1.7886,175.7829,7.0385e-07,7.68,-1.0
4.8088,289.7304,4.3252e-05,254.913,-1.0
1.3011,580.8798,1.8842e-06,9.984,-1.0
2.4325,556.8424,3.9719e-06,63.488,-1.0
1.9512,244.3476,2.6718e-06,23.552,-1.0
2.9994,142.7919,1.7739e-06,14.336,-1.0
1.3224,321.2307,1.2704e-07,0.448,-1.0
1.9979,38.91748,1.2365e-06,19.456,-1.0
17.4826,47.25298,2.346e-05,45.056,-1.0
4.2423,47.91491,6.8027e-07,2.56,-1.0
6.4568,197.8482,5.6047e-06,13.568,-1.0
1.9305,22.05816,4.8186e-07,8.704,-1.0
3.8135,332.4433,1.4525e-06,8.192,-1.0
5.6301,8.315268,4.7949e-06,62.72,-1.0
0.9359,436.0158,5.1927e-07,13.824,-1.0
3.2508,796.1154,1.2371e-05,52.206,-1.0
7.6133,31.13571,5.6027e-06,31.488,-1.0
27.7485,97.76541,3.2654e-05,24.576,-1.0
4.7398,35.19973,2.0606e-06,15.36,-1.0
3.0535,91.2702,3.1557e-06,28.928,-1.0
1.871,49.52728,2.536e-06,34.048,-1.0
2.3043,53.2887,2.2947e-06,38.656,-1.0
8.6553,145.9889,8.0435e-06,13.278,-1.0
1.4845,42.27454,9.429e-07,12.992,-1.0
2.0347,280.7094,1.5961e-06,12.032,-1.0
2.2091,221.0518,1.2674e-06,34.048,-1.0
7.0961,224.2415,1.0916e-06,0.448,-1.0
2.1801,161.4073,1.405e-06,6.976,-1.0
1.043,269.4501,2.0271e-07,1.536,-1.0
19.1217,2944.656,2.2199e-05,31.294,-1.0
14.6129,37.57444,6.5426e-06,98.05,-1.0
11.4041,92.31016,9.3619e-06,24.128,-1.0
3.2877,71.99992,6.0674e-06,92.16,-1.0
3.9626,51.49995,2.2967e-07,0.544,-1.0
3.1402,192.6326,3.3067e-06,28.928,-1.0
3.6648,71.29986,3.1743e-06,24.832,-1.0
1.5062,136.8957,2.7022e-06,102.402,-1.0
9.808,27.8143,1.1787e-06,2.56,0.573
7.4226,1337.769,3.5294e-06,1.6,-1.0
3.6788,430.0906,4.1964e-07,1.792,-1.0
4.1173,1497.383,3.0466e-06,7.616,-1.0
6.5659,14.0214,1.2112e-06,16.896,-1.0
3.1473,255.1001,1.8542e-06,11.52,-1.0
8.3239,273.1791,8.49e-06,9.984,-1.0
2.7656,454.3093,7.5657e-07,0.176,0.4068
4.045,182.8595,6.6307e-06,50.689,-1.0
4.094,88.3556,2.1305e-06,15.552,-1.0
3.4703,209.9496,1.8583e-05,143.746,0.597
2.7474,72.13689,2.554e-06,20.733,-1.0
0.9455,228.4271,1.5455e-07,0.256,-1.0
19.3303,514.9008,5.5145e-05,32.513,-1.0
1.4747,133.6771,2.3492e-06,37.12,-1.0
3.6147,150.5333,4.7321e-06,18.941,-1.0
1.7939,249.1575,1.5811e-06,44.288,-1.0
6.9343,549.3937,1.2404e-05,18.176,-1.0
54.353,12.07833,9.9001e-06,7.677,-1.0
3.3127,302.0217,5.3927e-06,47.36,-1.0
5.8005,974.3076,2.2371e-06,0.576,-1.0
11.2105,65.37852,6.1037e-05,157.699,-1.0
2.3218,290.4276,3.7107e-07,1.6,-1.0
4.914,119.384,5.9855e-06,25.6,-1.0
4.3666,407.6839,7.0061e-07,0.512,-1.0
3.281,99.12489,4.4463e-06,59.137,-1.0
1.975,67.43917,5.6716e-07,2.048,-1.0
6.3882,67.99895,7.9993e-06,34.56,-1.0
4.5559,100.5758,8.9051e-06,25.472,-1.0
2.6072,144.9877,3.4625e-06,37.376,-1.0
15.8687,1074.432,3.3393e-05,102.53,-1.0
1.5539,924.849,1.0851e-06,32.768,-1.0
20.983,33.33787,2.7472e-06,2.944,-1.0
34.8277,347.9916,1.0153e-05,1.168,-1.0
4.3081,359.3643,1.2729e-06,0.448,-1.0
5.2325,51.71851,3.4046e-06,19.456,-1.0
3.5473,146.0429,3.7583e-06,23.552,-1.0
9.1957,138.1413,5.9199e-06,6.592,-1.0
0.7165,150.7154,7.6057e-08,0.176,-1.0
2.7474,49.24273,8.9456e-07,25.344,-1.0
2.5536,682.254,4.2429e-06,48.64,-1.0
1.4836,401.8118,5.9595e-07,32.0,-1.0
2.691,177.9787,9.0539e-07,3.584,-1.0
11.6112,341.7778,1.5536e-05,101.122,-1.0
3.9939,787.4886,8.0522e-06,55.553,-1.0
53.7002,204.9466,4.6129e-05,62.465,-1.0
4.3181,177.9591,2.7569e-05,508.168,-1.0
2.8343,197.3609,2.9873e-06,76.609,-1.0
6.4573,40.06264,1.1794e-05,205.315,-1.0
2.7472,27.27941,1.146e-06,19.52,-1.0
1.6854,44.48473,2.7683e-06,67.072,-1.0
2.3222,297.9823,5.7497e-07,2.304,-1.0
2.934,635.1816,9.4269e-07,0.192,-1.0
5.6002,45.80865,3.0057e-06,23.04,-1.0
2.898,79.44641,4.3269e-06,36.352,-1.0
6.4874,68.18657,7.9632e-06,46.081,-1.0
7.0276,9.698187,5.7156e-06,58.881,0.145
2.3417,967.8497,8.9809e-06,184.067,3.9
5.8579,1110.12,2.9301e-06,0.384,-1.0
4.4963,47.69159,2.3985e-06,18.432,-1.0
3.2337,39.09336,2.1066e-06,29.184,-1.0
17.1082,39.28462,3.8891e-06,23.04,-1.0
2.3002,306.8075,1.2374e-06,9.984,-1.0
25.5715,168.4837,1.1523e-05,11.008,-1.0
15.7445,82.83542,9.2348e-06,10.496,-1.0
5.0111,21.68724,7.1259e-07,3.136,-1.0
1.2544,2860.945,9.6014e-07,17.152,-1.0
24.3424,145.549,7.3386e-06,3.52,-1.0
3.0468,154.9968,2.5999e-06,16.701,-1.0
3.4645,211.8978,2.1136e-06,33.024,-1.0
2.1594,324.0386,1.1634e-06,17.152,-1.0
3.565,28.93878,6.8023e-07,7.424,2.006
109.511,159.9995,4.6323e-05,14.144,0.544
13.0157,204.7622,2.1568e-05,25.344,-1.0
20.5847,44.72621,6.1939e-06,12.48,1.063
3.5534,76.81132,1.9567e-05,195.587,-1.0
2.5962,419.9737,6.3255e-07,1.728,-1.0
9.955,70.96903,1.2248e-06,1.664,-1.0
13.3996,453.6466,0.00010833,133.89,3.57
2.9437,77.67627,1.8974e-06,9.984,-1.0
2.5569,693.0448,5.6e-07,1.152,-1.0
3.7515,181.064,8.0761e-06,100.098,-1.0
16.0035,307.2217,4.5257e-05,39.425,-1.0
2.4708,145.2468,8.1309e-07,11.968,-1.0
4.3573,167.213,5.655e-06,49.665,-1.0
2.8067,57.37543,9.866e-07,4.352,-1.0
1.9954,323117.4,9.9996e-07,11.008,-1.0
7.0766,66.61208,3.9918e-06,27.904,-1.0
1.6913,224.1322,5.9192e-06,111.618,-1.0
15.0203,180.258,1.6829e-05,23.613,-1.0
5.4288,224.2986,3.7958e-06,23.936,-1.0
1.066,81.83621,4.3931e-07,20.48,-1.0
6.7781,472.0347,6.6571e-06,37.12,-1.0
1.8089,264.0279,2.0243e-06,12.8,-1.0
0.9526,149.3928,2.2196e-07,4.096,-1.0
2.4589,59.57281,7.4671e-07,4.16,-1.0
6.0432,63.72283,1.5448e-06,7.936,-1.0
6.7716,111.0403,6.5815e-07,0.768,-1.0
1.6183,66.27096,8.164e-07,7.168,8.26
1.5572,135.5696,4.7458e-07,7.424,-1.0
3.3712,97.78114,5.7043e-07,4.608,-1.0
15.4041,163.7176,1.8466e-05,31.744,-1.0
1.2655,64.9561,3.4396e-07,0.768,-1.0
20.8123,26.54853,1.8138e-05,99.842,-1.0
22.4754,97.87684,1.3382e-05,22.781,-1.0
2.9697,284.7066,5.1396e-06,216.835,-1.0
1.4696,248.8208,8.4218e-07,32.768,-1.0
3.1082,1.823243,3.813e-07,0.48,-1.0
5.1806,523.5993,1.5598e-05,95.81,-1.0
117.014,29.29447,3.8302e-05,41.345,-1.0
10.3775,85.12257,4.1461e-06,7.424,-1.0
1.6593,525.6757,5.5572e-07,14.592,-1.0
16.7224,141.6278,4.4195e-05,38.913,-1.0
2.1832,415.333,2.7414e-07,3.072,-1.0
2.4623,16.02444,6.9114e-07,8.704,-1.0
1.1386,279.2068,1.8423e-07,0.64,-1.0
2.082,82.29864,1.8679e-06,1.984,-1.0
1.5117,1049.263,4.8316e-07,1.664,-1.0
7.4883,71.50647,7.9692e-06,74.304,-1.0
1.9752,197.7534,1.7318e-06,59.904,-1.0
2.4291,404.8105,1.303e-07,0.576,-1.0
1.9827,86.9316,2.3688e-06,52.992,-1.0
6.7588,72.29308,2.5352e-06,8.96,-1.0
5.3024,127.4335,2.4878e-06,8.192,-1.0
17.5127,98.15085,5.4266e-05,70.401,-1.0
2.6116,574.5413,3.3283e-07,2.432,-1.0
3.4836,38.60958,2.125e-06,20.288,-1.0
1.2996,614.7925,1.8771e-06,56.32,-1.0
7.0663,292.5459,3.2983e-06,4.352,-1.0
6.7019,132.2005,1.44e-05,190.979,-1.0
5.5747,120.7529,7.9242e-07,0.144,-1.0
3.4079,10.01761,2.3963e-06,26.625,-1.0
1.3229,1016.042,1.4069e-07,0.544,-1.0
9.9527,47.73561,1.5791e-05,101.634,-1.0
1.3535,2260.747,1.2084e-07,0.32,-1.0
2.0208,265.78,3.2668e-07,0.704,-1.0
32.4833,34.26901,6.5062e-06,7.168,-1.0
1.6511,363.1048,4.1528e-07,0.64,-1.0
1.2858,601.3387,8.2016e-07,88.064,-1.0
1.7108,638.5788,1.4012e-06,29.184,-1.0
2.1713,166.7933,7.0091e-06,521.862,-1.0
4.0912,1381.301,6.5848e-07,2.304,-1.0
2.9845,137.7224,3.3196e-07,0.448,-1.0
6.8501,423.9923,6.2211e-06,16.512,-1.0
2.286,321.2477,1.6988e-06,30.208,-1.0
4.6553,309.6287,1.0526e-06,0.832,-1.0
2.1362,434.1957,2.5747e-07,0.576,-1.0
6.4865,819.8115,9.5949e-07,1.056,-1.0
3.495,156.0504,1.3865e-05,86.018,-1.0
6.0214,130.7224,3.8183e-06,20.992,-1.0
5.2158,789.7385,5.3555e-06,14.592,-1.0
1.2391,262.4139,1.1823e-06,15.872,-1.0
6.392,100.4761,3.0398e-06,8.96,-1.0
3.1269,174.1021,5.0556e-07,0.256,-1.0
5.6006,1160.641,1.8706e-06,1.28,-1.0
4.3967,85.31193,5.7739e-06,43.777,-1.0
2.6155,61.61359,1.8965e-06,18.432,-1.0
2.1399,1757.397,3.547e-07,0.64,-1.0
40.3066,46.63688,1.7523e-05,35.073,-1.0
4.7394,44.03666,1.243e-05,86.017,-1.0
4.6673,234.9633,6.6905e-06,39.425,-1.0
7.7411,133.3801,7.0166e-06,11.005,-1.0
15.3759,255.688,5.4107e-06,11.776,-1.0
3.75,159.2279,1.9481e-06,30.208,-1.0
1.5124,95.55454,1.6753e-06,79.104,-1.0
2.6948,99.72875,1.2779e-06,19.2,-1.0
2.0488,81.51627,8.2871e-07,9.728,-1.0
9.4,513.6058,2.9626e-05,98.05,-1.0
3.2365,35.43584,7.9811e-07,11.264,-1.0
4.5265,348.7449,7.4027e-06,45.057,-1.0
2.645,641.4477,1.0899e-06,1.728,-1.0
4.1806,444.8983,4.82e-06,31.232,-1.0
2.2247,668.6216,1.0514e-06,14.848,-1.0
7.1357,231.0476,3.7117e-06,11.136,-1.0
8.2701,588.9222,6.0634e-06,6.4,-1.0
3.4991,143.1092,7.2583e-06,375.814,-1.0
5.1525,1014.195,3.8312e-07,0.896,-1.0
35.6857,120.754,1.6093e-05,44.062,-1.0
1.9085,1034.795,3.9399e-06,94.722,-1.0
3.443,89.51126,2.7183e-06,13.568,-1.0
2.2956,109.6343,8.4372e-07,25.088,-1.0
2.5655,268.3874,8.4825e-06,69.889,-1.0
1.7292,221.6258,9.8144e-07,4.608,-1.0
33.5795,164.2314,7.5046e-05,29.697,-1.0
1.2573,223.7137,4.7899e-07,10.752,-1.0
1.5156,496.5552,2.7879e-07,4.608,-1.0
1.6148,1181.83,3.0812e-07,0.384,-1.0
3.6057,1796.019,4.788e-07,0.384,-1.0
2.5962,502.853,5.6389e-07,0.432,-1.0
2.6958,100.8468,4.2158e-06,91.392,-1.0
2.2692,1331.202,1.4968e-06,9.472,-1.0
1.6891,90.9646,2.7298e-06,39.936,-1.0
15.705,95.83002,6.9088e-06,24.061,-1.0
4.5214,108.5429,1.0581e-05,59.136,-1.0
4.3451,161.7621,8.9407e-06,23.04,-1.0
3.8049,148.6539,4.4816e-06,19.2,-1.0
1.5748,942.9311,5.2553e-07,0.384,-1.0
1.712,127.3456,1.1407e-07,0.256,-1.0
1.974,49.42666,8.2941e-07,13.312,-1.0
7.2734,18.80868,3.8125e-06,20.48,-1.0
5.6387,158.8452,2.3793e-06,5.12,-1.0
1.949,131.6464,2.0056e-06,17.152,-1.0
2.4425,992.7979,3.3561e-07,6.656,-1.0
43.1366,594.7678,3.51e-05,15.872,-1.0
6.6843,46.61536,9.6496e-06,77.312,-1.0
3.4801,438.3816,6.2148e-06,50.689,-1.0
4.7951,33.41329,3.356e-07,6.656,-1.0
3.2031,51.67121,1.0624e-06,5.376,-1.0
6.8823,40.79333,2.8735e-06,19.968,-1.0
16.7298,138.8564,8.0764e-05,143.107,-1.0
3.2009,162.7393,4.3199e-07,0.96,-1.0
6.8636,177.5851,2.3496e-05,136.707,-1.0
0.9239,591.2829,2.0737e-07,0.256,-1.0
19.0381,274.6492,1.3408e-05,28.416,-1.0
8.7058,232.0056,2.2945e-05,84.481,-1.0
3.3606,160.6826,4.859e-07,1.92,-1.0
4.9001,1051.095,5.8969e-07,2.56,-1.0
3.4348,764.2377,7.5776e-07,0.448,-1.0
38.4072,263.6968,5.1164e-05,19.2,-1.0
5.0261,213.8334,2.428e-06,61.694,-1.0
21.8204,217.155,4.1032e-05,192.771,-1.0
4.8756,240.8006,1.9794e-05,68.353,-1.0
1.8426,93.48305,4.7526e-07,7.936,-1.0
6.7986,351.2011,5.7467e-06,9.216,-1.0
4.5868,110.303,6.3318e-06,58.621,-1.0
8.1941,278.5495,1.2044e-05,81.601,-1.0
2.6733,143.8063,5.1687e-06,141.568,-1.0
13.2571,145.825,9.2301e-06,14.08,-1.0
3.3163,35.47062,4.497e-07,2.624,-1.0
23.1845,316.1811,2.2923e-05,7.424,-1.0
2.6043,311.4255,3.7599e-06,39.937,-1.0
2.9065,220.2602,1.8819e-06,34.817,-1.0
3.0267,1164.764,1.5805e-06,19.456,-1.0
1.0792,5128.01,1.1092e-07,0.576,-1.0
3.6491,143.9043,1.8618e-05,138.242,-1.0
6.679,116.6374,5.6683e-06,26.368,-1.0
4.3036,33.09755,5.3381e-07,6.528,-1.0
2.1986,840.1061,2.6414e-07,3.2,-1.0
5.934,54.13616,1.0294e-05,41.985,-1.0
5.7607,224.1884,6.3122e-06,9.984,-1.0
2.2652,420.3831,1.909e-07,0.96,-1.0
6.7627,802.8701,1.2865e-06,0.512,-1.0
15.9209,101.7791,1.7278e-06,1.088,-1.0
15.5855,133.1344,3.6504e-06,2.045,0.8049
1.3223,486.8249,3.2042e-07,7.168,-1.0
1.372,55.84532,1.0102e-06,21.248,-1.0
4.7362,40.97039,1.1885e-05,52.481,-1.0
5.4706,168.1513,9.6196e-06,29.696,-1.0
4.1569,31.0172,4.7486e-06,83.713,-1.0
2.9478,57.65608,1.1233e-06,5.888,-1.0
3.5276,1282.835,1.572e-06,2.368,-1.0
0.7683,6.769502,1.0383e-07,0.48,-1.0
2.1629,5.956499,1.9472e-06,56.832,-1.0
4.4414,34.44242,1.5647e-06,33.792,-1.0
16.231,145.1333,6.113e-06,10.624,-1.0
2.9236,51.57243,2.6322e-06,37.376,-1.0
124.838,212.2945,0.0001536,12.416,-1.0
4.2283,137.4712,6.2914e-06,51.201,-1.0
6.0599,81.36273,5.2882e-06,31.745,-1.0
76.8862,1055.44,0.00022179,19.328,1.822
2.628,58.81522,2.9617e-06,45.313,-1.0
16.5956,132.6123,1.0683e-05,6.592,-1.0
2.3598,88.09757,5.3739e-07,13.312,-1.0
0.6196,992.4658,1.8078e-07,0.192,-1.0
1.161,235.5428,1.543e-07,0.448,-1.0
35.7966,288.8009,0.0001097,81.665,-1.0
1051.86,824.9874,0.002462,138.242,0.34
2.9237,143.9945,4.0298e-06,32.257,-1.0
36.698,125.8865,6.4549e-05,28.928,-1.0
8.7628,170.5528,1.1534e-06,0.832,-1.0
14.7684,290.4973,2.712e-05,22.464,-1.0
3.0325,121.6812,3.3348e-06,66.304,-1.0
8.8933,380.2779,2.7806e-06,3.904,-1.0
8.462,249.4484,1.9037e-05,17.856,-1.0
6.6816,322.2964,8.689e-06,10.496,-1.0
1.5504,11.10227,1.425e-06,12.16,2.339
3.5636,187.6573,4.7087e-06,69.633,-1.0
2.8599,305.9518,3.5444e-06,21.76,2.092
9.0182,821.6656,3.1571e-06,1.664,-1.0
6.6452,192.7098,3.8936e-05,136.962,-1.0
1.7621,111.709,1.9313e-06,65.792,-1.0
1.5277,111.3207,3.2054e-06,38.656,-1.0
2.3624,132348.9,7.0261e-07,15.36,-1.0
5.6085,143.0641,8.6326e-06,174.595,-1.0
2.6035,473.4459,3.6792e-06,45.312,-1.0
1.3891,69.21518,2.5114e-07,3.904,-1.0
1.4244,700.9218,1.8597e-06,16.896,-1.0
14.615,130.0845,6.346e-06,13.312,-1.0
6.2468,306.7855,8.9429e-06,19.2,-1.0
5.1973,463.2872,1.197e-06,0.832,-1.0
3.5741,949.0768,8.8949e-07,0.224,-1.0
2.6169,182.9505,6.2916e-07,2.304,-1.0
85.4103,93.87498,1.0418e-05,0.032,-1.0
4.6625,362.8207,8.8289e-07,1.28,-1.0
2.4396,260.4531,2.2254e-06,41.984,-1.0
14.8496,142.4196,7.4299e-06,5.376,-1.0
4.5943,39.70038,5.6714e-07,3.84,-1.0
100.726,102.2789,3.5891e-05,5.693,-1.0
11.1629,111.4434,1.5178e-05,21.376,-1.0
1.2266,421.335,1.4758e-07,0.224,-1.0
14.6886,242.4032,9.3307e-06,13.824,-1.0
1.7843,1168.393,3.9236e-07,0.384,0.483
2.2934,829.4744,2.5347e-06,80.384,-1.0
146.228,71.05705,1.0406e-05,0.384,-1.0
11.048,148.0535,6.0322e-06,17.92,-1.0
3.3673,83.19701,1.5865e-06,11.264,-1.0
2.1352,324.9533,1.8886e-07,0.704,-1.0
1.1585,367.4037,6.2292e-08,0.32,-1.0
1.3993,148.2625,1.2952e-07,0.32,-1.0
1.9578,152.1533,5.0532e-07,4.096,-1.0
1.0082,7667.912,2.5782e-06,35.584,-1.0
2.3651,101.2375,6.4144e-07,5.632,1.023
1.8843,59.2959,5.4004e-07,8.192,-1.0
11.5423,150.5131,1.1814e-05,15.104,-1.0
2.0849,1500.074,7.6429e-07,7.424,-1.0
45.0514,133.7466,1.4989e-05,8.704,-1.0
4.8784,136.936,3.183e-06,9.088,-1.0
1.9742,274.6586,3.1105e-07,0.192,-1.0
3.4854,1665.266,6.7611e-07,0.768,-1.0
4.6662,272.6787,6.9958e-06,40.897,-1.0
2.5486,55.90238,1.9189e-06,38.656,-1.0
7.5482,814.8077,1.7465e-06,1.152,-1.0
17.4369,256.4646,5.0037e-05,116.482,-1.0
3.4573,92.51506,9.6097e-07,8.448,-1.0
1.9623,75.7642,8.9367e-07,19.968,-1.0
22.5662,119.3859,1.2356e-05,7.168,-1.0
28.0133,124.6424,8.3274e-06,10.24,-1.0
2.071,103.5117,4.823e-07,3.328,-1.0
2.1068,233.7552,1.2462e-06,24.576,-1.0
3.4977,263.0328,7.8064e-06,78.593,-1.0
4.162,65.24281,2.4648e-06,98.56,-1.0
3.2238,114.26,5.3456e-06,75.776,-1.0
4.5854,105.9596,1.3305e-05,184.323,-1.0
3.7542,59.61697,5.6987e-07,1.984,-1.0
2.4628,793.5864,9.7411e-07,2.432,-1.0
1.8123,2614.793,1.7278e-07,2.24,-1.0
2.2115,858.3069,7.1384e-07,17.152,-1.0
2.6403,42.13653,1.8195e-06,75.52,-1.0
0.721,186.4779,1.2122e-07,0.256,-1.0
4.5875,96.41539,2.341e-06,16.896,-1.0
25.2657,67.99709,7.235e-06,6.4,-1.0
1.7492,167.7162,1.1026e-07,0.192,-1.0
3.5076,45.041,1.3882e-06,25.088,-1.0
13.184,533.7734,7.5928e-06,22.784,-1.0
2.4461,365.3457,1.9872e-06,41.728,-1.0
33.8026,313.4688,5.8065e-05,13.056,-1.0
11.997,179.0658,5.3386e-06,7.616,1.3195
5.6497,146.4098,6.5385e-06,36.096,-1.0
16.9104,2095.188,1.1095e-05,0.304,-1.0
3.2815,166.8518,8.344e-07,3.072,-1.0
3.6663,283.3765,3.6033e-06,3.773,-1.0
2.5558,545.9066,5.3157e-07,0.432,-1.0
6.9379,35.33962,1.3476e-06,9.472,-1.0
14.4181,136.4519,4.4992e-05,108.034,-1.0
1.1371,324.739,1.0967e-06,54.272,-1.0
1.1509,181.1037,1.4221e-06,60.672,-1.0
5.3708,157.8099,3.1973e-06,14.592,-1.0
57.9656,143.9007,8.9683e-06,1.408,-1.0
4.7582,80.70137,4.727e-06,39.937,-1.0
2.3288,54.09703,5.8053e-07,2.56,-1.0
3.2668,121.6193,2.6455e-06,118.528,-1.0
9.6378,109.4395,3.5872e-06,5.888,-1.0
1.1742,407.7633,1.7689e-06,84.224,-1.0
24.3886,202.608,4.8575e-06,2.624,-1.0
12.7626,230.8483,4.3518e-05,79.041,-1.0
7.4408,208.6754,2.0164e-05,81.218,-1.0
2.1454,149.3401,3.8644e-06,24.576,-1.0
6.3841,286.4099,6.6103e-06,22.016,-1.0
12.2,102.6749,1.5691e-05,379.397,-1.0
3.0491,28.9526,1.5385e-06,16.128,-1.0
11.1669,424.7799,2.7909e-05,26.624,1.547
0.6136,231.0047,1.2844e-07,0.192,-1.0
3.3496,155.1311,8.1801e-06,26.624,-1.0
6.0516,145.1257,8.3448e-07,0.576,-1.0
10.0243,129.6559,2.9027e-05,60.673,-1.0
5.4335,96.9307,3.4561e-06,19.52,-1.0
30.1379,86.87143,2.8314e-05,40.705,-1.0
2.4741,52.16958,3.2485e-07,4.608,-1.0
3.5764,73.863,2.2969e-07,0.256,-1.0
15.728,283.7629,2.8319e-05,23.04,-1.0
3.768,142.6679,1.5738e-06,17.408,1.7493
1.9731,2014.307,1.1901e-07,0.192,-1.0
3.8142,92.03768,2.3058e-06,8.96,-1.0
3.0555,622.055,3.6135e-06,17.92,-1.0
5.4934,105.8779,2.896e-06,28.16,-1.0
6.3711,121.5767,4.6467e-06,55.553,-1.0
2.6891,122.4319,2.4286e-06,31.232,5.3
1.6786,107.3453,1.056e-06,20.48,-1.0
3.9711,107.2826,5.0386e-06,38.913,-1.0
2.602,140.0756,2.9296e-06,40.193,-1.0
4.3948,1607.071,4.421e-06,98.881,-1.0
6.1929,85.96413,1.0218e-05,144.386,-1.0
2.459,178.354,3.7317e-06,56.32,0.915
6.7968,145.5914,2.8185e-06,14.592,-1.0
2.7199,79.03775,1.2172e-06,15.104,-1.0
2.9511,15.56054,3.3498e-07,3.328,0.46
2.6945,533.4656,1.6134e-06,4.48,-1.0
2.9441,354.07,5.4339e-07,0.048,-1.0
4.0164,45.04826,1.0991e-06,5.632,-1.0
4.8865,47.33336,3.719e-06,26.368,-1.0
1.6977,205.7735,2.0432e-07,0.064,-1.0
3.3723,98.7971,3.5511e-06,53.504,-1.0
3.4602,52.75315,1.1195e-06,6.4,-1.0
4.197,151.2707,1.415e-05,148.226,-1.0
4.3536,290.9785,4.0315e-06,27.648,-1.0
2.7053,99.08221,3.924e-06,47.616,-1.0
3.1068,21.52526,2.6064e-06,25.601,-1.0
4.7939,295.4632,5.2781e-06,24.576,-1.0
5.3662,269.718,2.423e-06,9.984,-1.0
9.5405,59.72747,4.7675e-06,22.784,-1.0
2.2589,120.1351,2.0615e-06,63.232,-1.0
1.9479,167.3142,6.6288e-06,235.523,-1.0
2.6138,471.2307,1.6542e-06,28.928,-1.0
1.6364,481.5655,8.9724e-07,12.8,-1.0
7.6384,76.41713,1.1076e-05,64.513,-1.0
1.6694,144.9899,6.1967e-07,9.216,-1.0
0.5105,294.1275,2.5321e-08,0.128,-1.0
2.7895,373.1757,2.4073e-06,24.832,-1.0
5.7316,95.06614,3.4577e-06,25.6,-1.0
4.5102,1084.332,3.6166e-06,26.177,-1.0
1.06,79.06654,4.4091e-07,5.76,-1.0
3.0677,46.09643,8.9963e-06,50.177,-1.0
37.474,270.256,4.3508e-05,42.753,-1.0
2.9487,1810.463,1.3498e-06,6.144,-1.0
1.4119,229.2523,1.503e-06,32.256,-1.0
1.2923,228.5694,3.8763e-07,0.192,-1.0
2.6266,142.7036,9.4523e-07,29.44,-1.0
4.088,178.4834,3.2957e-06,7.104,-1.0
2.3472,17.54226,3.187e-06,80.384,-1.0
4.052,32.46154,1.2673e-06,9.216,-1.0
1.3609,4.16788,1.8374e-06,56.32,-1.0
2.4573,120.9453,1.8958e-06,14.08,-1.0
12.1249,239.4391,1.2237e-05,20.992,-1.0
7.8381,127.4085,1.1098e-05,83.905,-1.0
1.6772,877.135,2.638e-07,0.96,-1.0
10.3812,195.5304,8.6916e-06,42.241,-1.0
41.3324,251.1827,4.6578e-05,13.056,-1.0
7.6285,122.6534,2.504e-06,3.392,-1.0
5.8734,5.253091,1.3198e-05,111.616,-1.0
2.1941,228.0795,1.123e-06,11.008,-1.0
1.0323,343.561,1.589e-07,5.376,-1.0
2.7166,109.8358,3.361e-06,40.705,-1.0
2.0079,107.1096,1.0111e-06,25.856,-1.0
1.8373,664.0107,2.4986e-07,3.584,-1.0
29.1581,370.2101,2.3315e-05,20.224,0.897
10.2191,220.3816,1.4167e-05,52.993,-1.0
5.7396,1324.432,2.1354e-06,0.768,-1.0
2.2767,141.2461,9.6376e-07,7.936,-1.0
0.6159,208.1801,7.6144e-08,0.48,-1.0
1.6841,114.3886,1.5981e-06,35.073,-1.0
8.9396,43.82513,1.7463e-06,5.888,-1.0
2.6649,2045.714,1.3498e-06,8.96,-1.0
39.1321,227.9402,3.3275e-05,11.072,-1.0
2.9289,142.0833,4.5698e-06,21.184,-1.0
3.1671,171.8903,7.6206e-06,122.626,-1.0
2.9193,251.3833,4.922e-07,2.176,-1.0
0.965,311.91,8.9347e-08,0.08,-1.0
1.9248,800.8211,3.4821e-06,59.712,-1.0
2.4507,499.9464,1.0653e-06,1.28,-1.0
4.7183,85.90687,9.2159e-06,122.626,-1.0
2.5118,892.0009,7.5133e-07,5.888,-1.0
1.9285,91.32207,2.9016e-06,47.36,-1.0
5.9916,61.55756,1.0032e-05,42.945,-1.0
1.5087,1867.406,1.5538e-07,0.704,-1.0
8.8561,105.9243,1.9188e-05,56.321,-1.0
4.1369,566.4531,2.0142e-05,121.538,-1.0
2.2438,296.6844,8.5676e-07,12.864,-1.0
0.8106,324.6356,2.748e-07,1.28,-1.0
3.534,116.8703,1.0817e-05,81.152,-1.0
9.0465,142.193,1.3839e-05,25.345,-1.0
5.9081,80.66273,3.021e-06,10.496,-1.0
4.2021,308.1513,2.6866e-06,9.728,-1.0
7.1223,174.2073,9.93e-07,1.792,-1.0
2.0318,24.81068,2.7483e-06,46.592,-1.0
1.8314,258.5915,5.0024e-06,86.272,-1.0
3.616,175.7802,9.3274e-07,11.008,-1.0
1.8945,80.35037,8.6981e-07,18.432,-1.0
76.4737,321.9077,7.966e-05,24.32,-1.0
5.0807,115.2259,1.0216e-06,2.56,-1.0
2.1067,85.75618,3.682e-07,5.12,-1.0
2.4614,607.0498,3.4693e-07,1.792,-1.0
3.24,136.3433,6.2979e-06,40.897,-1.0
7.8865,112.2297,2.2595e-06,9.472,-1.0
1.499,23.17965,7.1933e-07,16.128,-1.0
2.4049,122.983,1.6211e-06,20.48,-1.0
2.8077,160.3952,2.4179e-06,17.152,-1.0
6.2868,67.69435,1.04e-06,3.968,-1.0
6.6112,47.78211,3.9168e-06,51.713,-1.0
39.0152,527.8798,8.1172e-06,0.96,-1.0
1.4463,32.29819,5.5371e-07,5.376,-1.0
12.1936,202.6523,7.5441e-06,23.296,-1.0
2.5999,42.3242,1.4675e-06,22.528,-1.0
7.9764,1004.528,2.8451e-06,0.192,-1.0
17.6038,107.7423,2.3313e-05,34.049,-1.0
2.1587,263.6135,2.7708e-07,0.32,-1.0
15.6073,79.79292,1.8523e-05,132.098,-1.0
1.9593,343.9727,4.2261e-07,1.792,-1.0
2.3694,41.48886,4.587e-07,9.216,-1.0
3.8815,91.23401,6.8712e-06,81.152,-1.0
2.3902,48.22414,1.1304e-06,13.824,-1.0
2.4945,87.0021,3.258e-06,40.961,-1.0
4.2547,994.7955,1.6719e-06,0.32,-1.0
2.947,634.3673,3.9772e-07,0.576,-1.0
15.0267,339.7543,2.8469e-05,96.129,-1.0
5.4642,41.38588,1.9632e-05,172.291,-1.0
11.1345,491.9311,3.6852e-05,43.201,-1.0
1.466,198.1038,8.2779e-07,21.568,-1.0
2.5187,369.5428,6.4408e-07,1.472,-1.0
1.7852,205.9115,6.7196e-07,11.776,-1.0
2.1654,376.5668,3.9843e-06,65.793,-1.0
3.2024,2318.275,8.8151e-06,151.808,-1.0
5.1697,111.0558,9.1226e-06,60.929,-1.0
2.4416,82.34412,2.5348e-06,38.656,-1.0
9.6451,62.03125,3.2531e-06,18.112,-1.0
2.9934,101.8562,1.5359e-06,18.176,-1.0
10.3875,65.80881,5.8878e-06,14.016,-1.0
0.9931,325.5239,1.4382e-07,0.112,-1.0
5.1124,32.34544,1.2556e-05,52.993,-1.0
1.1248,2037.422,2.8086e-07,0.192,-1.0
3.0005,87.12746,1.3156e-05,183.555,-1.0
5.0023,95.27315,2.5476e-05,109.314,-1.0
44.0379,27.30699,1.3202e-05,27.133,-1.0
1.7899,998.4908,3.9564e-06,107.776,0.367
6.2209,102.3856,2.0198e-06,30.977,-1.0
2.6966,46.20344,2.1068e-06,22.272,-1.0
2.9047,86.46732,2.8166e-06,47.104,-1.0
123.079,940.6278,0.00052221,43.009,-1.0
1.9651,66.87585,3.1286e-07,6.4,-1.0
7.4374,125.7837,1.3301e-05,64.769,-1.0
9.4143,89.15962,1.9705e-05,33.28,-1.0
2.7198,197.8424,3.4027e-06,42.24,-1.0
3.0053,151.8437,1.4676e-05,111.618,-1.0
1.3433,149.8738,2.9755e-07,2.56,-1.0
1.4985,757.5326,3.0318e-07,3.456,-1.0
1.2215,667.8662,1.9972e-07,1.728,-1.0
1.441,103.0927,8.0648e-08,0.32,-1.0
8.7845,360.9869,1.9227e-05,83.97,-1.0
8.8579,129.703,4.895e-06,10.752,-1.0
5.821,238.5753,4.8642e-06,37.888,-1.0
2.0302,131.9912,2.317e-07,0.768,-1.0
5.113,32.17905,6.805e-07,3.328,-1.0
7.1224,145.1181,6.9716e-06,22.144,-1.0
4.5293,230.2586,1.4946e-05,169.987,-1.0
4.1601,122.8642,4.27e-06,40.897,-1.0
107.726,181.7705,9.1857e-05,9.024,-1.0
20.8522,61.01397,9.3269e-06,18.432,-1.0
1.9256,107.1179,1.5514e-06,65.025,-1.0
2.4897,94.79803,8.6922e-07,20.736,-1.0
3.1991,170.5814,4.6841e-06,47.105,-1.0
2.4992,124.2519,8.406e-07,11.776,-1.0
5.9208,39.13656,4.1951e-06,12.032,-1.0
79.8391,96.93082,8.1404e-05,31.744,-1.0
12.7453,54.47944,4.742e-06,11.264,-1.0
0.6146,327.8003,1.4381e-07,1.344,-1.0
2.3316,329.1762,1.1009e-05,82.433,-1.0
3.7691,626.8875,1.0912e-06,3.584,-1.0
8.7345,133.1567,7.8707e-06,26.112,-1.0
3.6192,159.5278,4.6135e-06,52.417,-1.0
1.5779,49.39309,1.7462e-06,32.0,-1.0
1.5767,55.3488,1.3261e-06,45.312,-1.0
4.1134,444.0063,7.9118e-07,0.768,-1.0
0.6759,235.697,4.5867e-08,0.512,-1.0
2.4037,68.75066,5.6143e-06,53.505,-1.0
2.1425,131.9432,5.0531e-07,9.984,-1.0
11.5555,148.3256,6.6921e-06,9.664,-1.0
3.5785,446.1254,4.9141e-07,0.96,-1.0
4.6359,26.84597,1.0632e-05,331.782,-1.0
3.0121,118.5586,3.2261e-06,17.408,-1.0
4.0503,208.8682,7.5662e-06,83.969,3.14
1.3724,167.6817,2.9918e-06,91.136,-1.0
2.1676,27.26792,2.6396e-07,2.24,-1.0
10.8635,270.7797,2.9583e-05,139.01,-1.0
3.0561,736.8368,4.4671e-06,98.562,-1.0
1.3119,253.4668,1.9147e-07,1.728,-1.0
4.2926,334.0145,1.5983e-05,108.61,-1.0
7.8681,31.55525,6.5004e-07,3.328,-1.0
1.6391,142.0875,1.6006e-06,38.656,-1.0
7.9059,128.9319,7.4732e-07,0.704,-1.0
3.4645,202.6789,9.5964e-06,72.449,-1.0
2.5354,73.97387,2.5968e-06,77.568,-1.0
5.0496,1297.236,5.2324e-06,19.456,-1.0
4.4045,48.99244,8.1464e-07,8.704,-1.0
8.2751,118.3374,1.0314e-05,19.2,-1.0
4.279,139.4526,6.4501e-06,35.841,-1.0
3.0535,237.3509,9.4769e-06,46.593,-1.0
65.914,398.9942,5.4708e-05,5.632,-1.0
8.1823,45.32023,1.3277e-05,75.777,-1.0
43.7752,85.95368,7.1957e-06,1.472,-1.0
4.7954,89.63646,1.4603e-05,142.851,-1.0
66.8106,257.4033,6.1432e-05,44.288,-1.0
2.4442,73.89271,3.3628e-06,41.985,-1.0
0.515,839.317,1.3164e-07,0.128,-1.0
2.767,131.0607,4.1105e-06,35.521,0.618
4.1515,1115.415,1.0066e-06,0.384,-1.0
1.1056,181.4594,7.5283e-07,23.296,-1.0
1.8152,244.4106,1.0923e-06,14.848,-1.0
22.5564,208.4641,8.6899e-06,9.853,-1.0
1.9925,157.6555,2.9255e-07,1.536,-1.0
1.0312,534.0242,2.1179e-07,0.128,-1.0
7.6301,38.23408,2.4683e-06,8.448,-1.0
45.3921,381.0694,9.4591e-05,48.577,2.49
12.6822,348.961,2.1953e-05,26.88,-1.0
1.4225,260.5099,2.5605e-06,72.448,-1.0
3.5604,62.02491,3.1749e-06,33.536,-1.0
2.4214,263.8963,7.632e-06,63.745,-1.0
1.3808,85.77458,1.2014e-06,28.672,-1.0
7.1978,139.6373,2.1242e-06,12.288,-1.0
8.9971,51.34304,1.6159e-06,17.152,-1.0
3.0513,32.67776,1.752e-06,29.44,-1.0
3.0288,134.2331,1.0544e-06,7.936,-1.0
36.7185,204.8667,3.8485e-05,7.936,-1.0
1.7256,117.5361,2.4552e-06,56.065,-1.0
1.2115,647.7623,4.5315e-07,5.12,-1.0
4.625,223.9575,2.8958e-05,104.449,-1.0
12.2476,78.93655,9.317e-06,22.72,-1.0
3.4548,1087.914,4.5236e-07,3.008,-1.0
12.5031,15.84707,2.7794e-06,7.68,-1.0
1.7696,1268.941,4.6836e-06,80.897,-1.0
11.4317,249.9198,5.2036e-05,52.993,-1.0
6.4959,329.1077,1.1449e-05,54.145,-1.0
1.5631,63.22202,1.5243e-06,33.28,-1.0
10.0835,97.4125,2.531e-05,112.384,-1.0
1.6263,319.7324,2.1082e-06,20.096,-1.0
12.5828,1936.719,5.7804e-05,51.713,-1.0
1.1098,266.4734,1.069e-06,44.544,-1.0
9.246,117.4481,3.2122e-06,4.477,-1.0
17.7644,112.5573,9.3723e-06,34.305,1.46
1.6962,361.3768,1.0566e-06,27.136,-1.0
2.6081,60.09495,1.3343e-06,66.304,-1.0
14.5905,115.7251,7.1626e-06,11.264,-1.0
1.6728,1430.798,2.5738e-07,1.984,-1.0
3.5051,59.03492,4.4542e-07,4.864,-1.0
2.6398,105.3465,1.5513e-06,37.633,-1.0
0.8525,462.6712,5.6602e-08,0.256,-1.0
2.5819,425.831,1.2288e-06,19.2,-1.0
7.9781,229.1022,4.5851e-05,236.292,-1.0
6.3181,69.47841,6.1453e-06,45.825,-1.0
23.7925,73.78258,2.1684e-05,57.345,-1.0
4.3553,30.68171,1.6705e-06,29.184,-1.0
2.9926,116.1733,1.8062e-05,95.233,-1.0
5.2038,690.9058,5.0787e-06,25.472,0.8
59.264,230.6802,0.00014373,153.859,-1.0
2.8011,131.1396,3.3308e-06,27.136,-1.0
3.548,299.6397,2.6949e-06,6.08,-1.0
7.0966,1200.566,2.1548e-06,2.624,-1.0
3.6923,1051.373,5.4657e-07,0.096,-1.0
3.3057,1060.395,6.4311e-07,1.088,-1.0
1.6405,105.7337,1.8823e-06,43.264,-1.0
1.7148,213.1576,6.8051e-07,22.784,-1.0
5.1457,702.7054,1.0886e-06,0.64,-1.0
1.111,211.1001,3.311e-07,0.192,-1.0
4.0191,42.67179,3.4136e-06,28.928,-1.0
7.2152,47.10274,1.0599e-05,40.449,-1.0
2.0594,168.4575,2.2549e-06,41.472,-1.0
7.1238,256.0873,9.4445e-06,39.424,-1.0
6.7655,228.3427,8.3474e-06,24.256,1.71
18.3744,180.1444,1.0216e-05,7.424,-1.0
1.5598,505.3672,2.7565e-07,2.24,-1.0
4.285,517.9463,3.2505e-06,35.584,-1.0
5.2379,88.21851,7.3491e-06,69.633,-1.0
3.4632,166.818,2.4936e-06,7.616,-1.0
1.3391,709.2097,2.2932e-07,0.176,-1.0
3.0103,967.4503,2.1086e-07,0.832,-1.0
1.8009,182.9465,5.1346e-07,3.584,-1.0
26.7696,628.0815,4.649e-05,25.6,-1.0
5.6954,175.2908,2.6135e-06,35.328,-1.0
7.0728,487.3212,5.8476e-06,14.592,-1.0
3.0319,345.2787,2.7962e-06,21.504,-1.0
8.2168,151.0099,1.9252e-05,82.689,-1.0
1.573,407.968,1.271e-07,0.64,-1.0
1.3067,189.4699,8.1398e-08,0.256,-1.0
3.2097,123.1729,7.024e-06,72.193,-1.0
1.0066,204.1104,1.0925e-07,0.128,-1.0
1.6493,154.0536,3.9911e-06,245.508,-1.0
3.8042,317.3609,6.2375e-06,33.281,-1.0
2.7119,133.3569,3.7599e-06,34.816,-1.0
4.5603,463.7588,1.6727e-06,3.2,-1.0
1.1964,841.1672,1.3116e-07,1.984,-1.0
2.2121,143.8014,3.4108e-06,104.448,-1.0
1.4468,70.83093,6.6444e-07,31.232,-1.0
2.0238,48.63562,1.4487e-07,0.96,-1.0
11.1872,34.24763,4.4746e-06,30.465,-1.0
4.7688,451.857,1.7045e-06,0.128,-1.0
9.6894,626.2128,3.7015e-05,67.841,-1.0
7.5025,154.9324,1.9455e-06,6.4,-1.0
5.8392,211.8565,5.7265e-06,14.336,-1.0
3.5487,37.13295,6.746e-07,13.568,-1.0
64.9065,442.1815,5.4666e-05,5.568,-1.0
32.3741,162.4465,2.9167e-05,48.385,-1.0
8.6004,643.8519,4.3517e-06,1.408,-1.0
17.8939,60.0793,9.2979e-06,17.344,2.2
3.2805,669.8541,4.3627e-06,14.336,-1.0
2.8943,52.51691,1.7294e-06,26.368,-1.0
2.4037,90.8038,1.5971e-06,13.824,-1.0
2.2819,400.548,8.6851e-06,49.725,-1.0
5.7407,61.89266,5.2549e-06,64.51,-1.0
15.2289,56.80024,9.3244e-06,28.16,-1.0
5.1584,308.7321,8.2787e-06,107.778,-1.0
3.0076,50.68944,2.8912e-06,34.304,-1.0
15.9056,115.3847,6.7214e-06,25.6,-1.0
4.3398,160.836,1.8666e-06,22.013,-1.0
5.7685,91.2394,1.488e-05,265.477,-1.0
4.1647,147.2947,6.5605e-06,49.857,-1.0
1.9077,107.1765,2.1093e-06,28.16,-1.0
14.4864,74.91478,2.3285e-05,110.594,1.727
0.8489,435.5338,2.8175e-07,0.128,-1.0
26.6237,472.7297,5.42e-05,38.913,-1.0
2.9853,238.6295,5.3902e-06,77.568,-1.0
2.9313,79.64856,2.7361e-06,27.648,-1.0
3.011,228.6475,3.2954e-07,0.576,-1.0
3.1686,67.85842,1.2314e-06,11.264,-1.0
0.7681,648.274,2.576e-07,0.048,-1.0
37.1716,96.58604,1.5101e-05,12.288,-1.0
0.7579,435.0957,1.865e-07,0.128,-1.0
1.2181,164.7657,2.2021e-07,0.96,-1.0
3.7332,65.69338,1.2377e-06,6.656,-1.0
4.2281,1796.27,8.561e-06,93.954,-1.0
3.4603,162.4954,2.5535e-05,450.569,-1.0
1.882,575.076,1.0595e-06,0.768,-1.0
12.5617,137.8178,1.4295e-05,48.129,-1.0
2.6682,150.5474,3.1772e-06,26.88,-1.0
1.7201,99.68799,1.3706e-06,27.904,-1.0
2.2071,1023.335,2.3956e-07,3.328,-1.0
2.4457,136.1189,2.3862e-06,43.264,-1.0
45.917,88.39088,6.564e-05,39.361,-1.0
6.6566,108.0762,2.0683e-05,62.913,-1.0
5.2,73.20029,1.3681e-06,5.12,-1.0
6.7178,134.285,3.4853e-06,7.168,-1.0
1.5665,179.938,3.1922e-06,48.128,-1.0
2.0069,792.2586,2.4858e-07,3.264,-1.0
6.2465,219.0667,3.5262e-06,25.344,-1.0
3.5852,48.92386,1.3213e-06,13.824,-1.0
2.3874,50.65505,4.3135e-07,2.304,-1.0
4.4108,183.6865,7.0224e-06,38.657,-1.0
0.2429,521.7672,1.6436e-07,0.032,-1.0
14.0796,162.9092,1.0632e-05,16.189,-1.0
10.5685,157.8973,5.0345e-06,16.128,-1.0
1.2388,196.971,1.071e-07,0.192,-1.0
12.2211,54.3001,8.4142e-06,13.312,-1.0
12.0381,45.43439,2.4776e-06,4.288,-1.0
17.149,199.0863,5.8759e-06,9.472,-1.0
4.0595,56.58869,1.408e-06,18.432,-1.0
23.7983,234.239,3.2522e-05,167.427,-1.0
6.1934,159.9132,1.0413e-05,38.913,-1.0
1.7618,134.2643,2.1346e-07,1.024,-1.0
2.5524,221.924,2.4226e-06,21.376,-1.0
6.9482,168.1512,1.2611e-05,108.802,-1.0
10.2277,317.4587,1.9727e-05,91.393,-1.0
2.6063,89.33427,2.1952e-06,29.696,-1.0
2.3621,719.3385,6.1625e-07,0.192,-1.0
5.0304,308.0081,3.4703e-05,341.254,-1.0
2.5018,504.9463,8.6786e-07,5.632,-1.0
5.7417,154.8316,1.4435e-05,123.138,-1.0
3.1786,73.41632,2.1203e-07,0.448,-1.0
158.626,137.6061,5.4486e-05,3.072,-1.0
8.4631,290.6947,2.1492e-05,58.113,-1.0
3.4502,149.2602,5.2229e-06,24.96,-1.0
5.4091,52.75072,1.1593e-05,104.962,-1.0
1.931,270.3732,5.9209e-07,2.304,-1.0
3.1283,47.81995,2.8993e-06,18.432,-1.0
3.6032,36.84621,8.3145e-07,5.376,-1.0
3.9561,95.95654,4.9616e-06,70.913,-1.0
15.7516,194.8712,2.984e-05,46.849,-1.0
3.2726,35.23897,3.6502e-06,59.905,-1.0
7.3986,204.7648,2.6848e-05,95.49,-1.0
1.7727,791.1911,4.0459e-07,0.896,-1.0
10.3705,251.8305,1.652e-05,17.152,-1.0
2.9837,235.1572,1.8278e-06,14.592,-1.0
4.1172,54.17733,1.503e-06,16.128,-1.0
3.6484,651.0341,6.3112e-06,181.507,-1.0
4.0933,265.6049,6.3231e-06,22.528,-1.0
3.4953,356.8464,3.4895e-06,17.92,-1.0
1.4416,3270.379,1.5352e-07,2.176,-1.0
2.0462,66.33343,2.13e-06,24.832,-1.0
15.4321,166.5614,1.3263e-05,13.568,-1.0
3.3754,127.5317,1.1754e-06,14.592,-1.0
7.8117,1005.999,1.0839e-05,35.649,-1.0
5.9699,68.49123,2.3142e-06,12.544,-1.0
1.852,996.3572,1.9867e-07,0.832,-1.0
9.1287,54.19352,1.5583e-06,5.632,-1.0
9.3788,325.3601,6.2102e-06,22.016,-1.0
11.3679,201.4024,1.4069e-05,123.394,0.38
3.7605,62.58246,4.1354e-06,28.16,-1.0
2.2475,90.04676,8.2842e-06,150.787,-1.0
1.6274,922.9193,2.6165e-07,0.832,-1.0
16.6515,250.6086,2.0917e-05,23.552,-1.0
3.6307,55.96625,1.084e-05,106.754,-1.0
0.862,161.8815,5.6564e-08,0.64,-1.0
1.2258,424.5667,5.8857e-07,14.336,-1.0
2.3518,52.76388,8.258e-07,13.312,-1.0
3.9145,58.76819,4.6752e-06,78.08,-1.0
5.8159,186.9179,2.4514e-06,4.352,-1.0
1.4393,152.598,4.9547e-07,8.192,-1.0
7.6993,55.39384,3.4466e-06,14.336,2.671
2.8557,38.17302,1.9536e-07,1.088,-1.0
2.8467,122.2756,3.9677e-07,2.56,-1.0
1.6142,219.795,2.3535e-06,71.168,-1.0
1.7137,14.91985,8.0212e-07,20.992,-1.0
3.6426,701.579,1.7989e-06,14.336,-1.0
17.7729,618.4874,3.9607e-05,25.088,-1.0
10.6786,53.45076,3.9747e-06,14.336,-1.0
2.9128,353.2108,5.5857e-07,2.304,-1.0
2.0719,883.4655,6.4029e-07,0.768,-1.0
4.3081,61.97242,2.3432e-06,22.016,-1.0
2.0543,275.384,1.2711e-07,0.096,-1.0
11.5967,85.05833,6.7077e-06,33.277,-1.0
1.0246,442.0714,8.5633e-08,0.32,-1.0
7.372,79.41653,1.5435e-05,70.401,-1.0
4.0592,39.98067,9.4081e-07,7.68,-1.0
4.284,881.2405,1.4655e-06,0.192,-1.0
2.1189,138.1818,7.3577e-06,156.416,-1.0
3.8125,34.99442,1.433e-06,18.944,-1.0
5.0163,106.0045,5.9553e-07,3.072,-1.0
1.7969,61.70684,1.1169e-07,0.32,-1.0
67.1065,347.1643,8.1592e-05,10.688,1.758
4.9216,209.6282,5.0058e-06,23.04,-1.0
3.3854,106.0707,2.208e-06,22.272,-1.0
3.5263,176.731,1.3298e-05,89.089,-1.0
1.586,1540744.0,3.2456e-06,90.112,-1.0
2.8071,143.3231,5.9074e-07,3.072,-1.0
2.2932,561.5464,4.0534e-07,2.304,-1.0
26.7594,182.1502,2.1567e-05,5.632,-1.0
9.8663,263.9518,5.182e-06,6.656,-1.0
16.2817,121.6696,1.4519e-05,10.752,-1.0
6.6487,107.7917,8.3201e-06,81.152,-1.0
8.5251,71.18858,4.3228e-06,12.8,-1.0
21.153,137.8959,4.8279e-06,3.389,-1.0
4.9212,19.8903,3.9816e-06,38.144,-1.0
4.0187,156.4443,2.246e-06,13.056,-1.0
3.561,93.14645,2.0584e-06,22.272,-1.0
3.053,62.42859,1.1121e-06,8.192,-1.0
5.7564,93.98418,2.0522e-06,9.216,-1.0
12.2661,241.7241,2.6834e-05,35.073,-1.0
2.0206,155.4938,1.5077e-06,19.968,-1.0
14.7622,20.92696,1.5164e-06,5.376,-1.0
17.4361,121.2054,1.552e-05,27.264,-1.0
10.4846,282.4828,2.0363e-05,77.57,-1.0
14.8205,134.2515,3.2939e-06,7.936,-1.0
2.254,540.6719,5.0545e-07,0.576,-1.0
3.8997,128.0566,2.6816e-06,11.55,-1.0
3.1899,886.5781,3.9651e-07,0.512,-1.0
7.6562,990.4448,1.4727e-06,0.512,-1.0
6.0097,64.3353,7.0669e-06,32.513,-1.0
13.0289,114.288,1.6452e-05,20.736,-1.0
13.8838,43.53295,1.8134e-05,75.393,-1.0
11.7143,644.3762,9.5129e-06,3.456,-1.0
4.1344,827.4031,9.1869e-07,0.32,-1.0
2.6852,2371.863,4.5965e-07,2.816,-1.0
5.3262,432.8849,8.0468e-06,23.04,-1.0
6.6063,159.2439,3.9912e-06,26.173,-1.0
9.3408,231.5426,1.4232e-05,11.264,-1.0
1.3954,925.5253,2.1648e-07,0.064,-1.0
5.1494,373.3527,2.5569e-06,43.776,-1.0
2.0222,486.2136,4.7593e-07,0.384,-1.0
14.187,742.9969,4.4186e-06,0.288,-1.0
7.7439,44.31059,3.2583e-06,11.776,1.798
4.2155,473.7412,5.3105e-06,40.51,-1.0
1.519,130.0229,1.5333e-06,32.512,-1.0
3.9515,142.2249,6.6659e-06,39.168,-1.0
2.8565,206.952,2.7397e-06,21.76,-1.0
12.6581,136.4788,4.0192e-06,46.336,-1.0
29.1767,110.0764,5.0455e-05,25.921,-1.0
4.4279,420.9654,4.8624e-05,97.281,-1.0
4.9673,178.9313,1.2235e-05,93.44,-1.0
45.813,298.2977,0.00010496,24.32,-1.0
10.1219,430.2024,3.0792e-05,42.816,-1.0
4.0473,841.9727,6.9843e-07,1.056,-1.0
1.2046,989.3186,1.0313e-06,74.496,-1.0
1.4519,587.655,1.5378e-06,37.376,-1.0
5.6844,189.465,2.3159e-06,6.656,-1.0
3.137,739.5498,1.0292e-06,0.576,-1.0
4.1169,150.7192,8.5328e-07,8.128,-1.0
4.1091,39.98087,1.3374e-06,12.032,-1.0
61.8923,898.6674,0.0001533,17.152,-1.0
5.0526,283.0793,1.8665e-05,53.441,-1.0
1.4945,365.8395,1.9215e-06,69.12,-1.0
1.6917,683.6851,2.6069e-06,50.433,-1.0
3.3188,652.9782,6.5666e-07,4.096,-1.0
72.4821,275.0134,6.8399e-05,16.384,-1.0
1.1295,348.1023,5.7535e-08,0.384,-1.0
16.0783,230.3129,6.4391e-06,12.032,-1.0
1.9105,353.1115,2.9364e-07,0.32,-1.0
6.1647,2292.456,1.2294e-06,3.712,-1.0
7.5099,244.8461,1.2436e-05,20.224,-1.0
53.778,195.4435,0.00013302,69.889,-1.0
14.6538,142.0759,1.1046e-05,87.041,-1.0
5.2001,1067.612,1.9401e-06,1.856,-1.0
1.8126,92.53232,1.2182e-06,21.248,-1.0
7.0236,875.3963,7.251e-06,69.888,-1.0
5.8239,219.7957,8.0237e-06,43.521,-1.0
1.9663,38.94004,1.3076e-06,23.808,-1.0
23.8467,409.3934,3.7571e-05,16.448,-1.0
1.9063,129.2886,2.0545e-06,30.72,-1.0
4.6737,123.2997,5.5799e-06,17.6,-1.0
23.787,358.7506,0.00021745,114.69,1.288
2.1919,345.4409,1.5505e-06,45.824,-1.0
73.0749,355.1942,0.00017898,369.67,1.17
1.7636,255.4803,2.7862e-07,0.576,-1.0
4.1492,58.72521,2.3443e-06,27.136,-1.0
3.6099,118.9785,4.6918e-06,146.434,-1.0
5.5737,277.4902,1.3146e-05,64.769,-1.0
3.2539,13.54055,6.5926e-06,58.881,-1.0
2.7605,98.90486,2.5816e-06,35.137,-1.0
1.1318,116.4348,1.9089e-07,1.28,-1.0
2.2142,402.924,5.2274e-07,0.512,-1.0
12.5218,328.4739,1.4648e-05,22.528,-1.0
68.7202,149.0404,0.00026845,112.386,0.54
1.3948,672.6628,1.4208e-07,2.048,-1.0
5.0941,197.2598,7.1731e-06,77.054,-1.0
2.1566,80.80634,1.9232e-06,84.992,-1.0
42.3816,149.3408,1.2129e-05,2.816,-1.0
2.3259,179.9118,5.2109e-06,32.0,-1.0
1.277,176.8943,1.474e-07,0.448,-1.0
0.648,210.9187,9.0551e-08,0.208,-1.0
1.2881,222.8787,1.0853e-07,1.536,-1.0
1.51,227.8853,1.2829e-06,32.768,-1.0
1.7895,326.5507,3.219e-06,111.104,-1.0
4.037,4961.021,2.242e-06,59.454,-1.0
1.4388,95.41302,1.7632e-06,29.697,-1.0
5.3869,300.7193,8.1044e-06,38.145,-1.0
6.8458,102.2674,7.133e-06,50.369,-1.0
2.9601,109.917,1.1993e-06,55.04,-1.0
4.1549,559.0366,5.2032e-07,1.664,-1.0
4.6111,304.8474,3.7531e-06,22.784,-1.0
1.7818,290.5659,4.3867e-06,26.24,-1.0
8.6604,97.5229,3.8604e-06,14.333,-1.0
7.7237,67.86304,2.1047e-06,7.104,-1.0
15.1628,156.2493,3.977e-05,52.481,-1.0
8.3499,664.305,2.1241e-06,0.704,-1.0
5.6715,121.1838,1.1093e-05,55.553,-1.0
13.6407,80.46143,3.3254e-06,7.552,-1.0
3.4705,421.5487,3.1536e-06,8.192,-1.0
