ProcessID;DelayedRejectionStage;MeanAcceptanceRate;AdaptationMeasure;BurninLocation;SampleWeight;SampleLogFunc;intercept;slope;logSigma
1;0;1.0000000;.0000000;1;1;-50.246916;.0000000;.0000000;.0000000
1;0;.31402324;.0000000;1;6;-22.191301;-2.2007287;-1.5059147;2.6058203
1;0;.32041674;.0000000;2;3;-21.321162;-2.7971107;-1.3274546;2.2645653
1;0;.32526337;.63392812;2;4;-14.676731;-.73179941;1.2410352;1.0411748
1;0;.37024581;.0000000;4;1;-12.543317;-.51113532;1.7703491;.46221118
1;0;.36409563;.0000000;5;3;-8.1053138;.37538352;2.1491032;.33763940
1;0;.15751068;.18155160;6;33;-5.5367637;1.2335464;1.5782421;-.48679264
1;0;.11144076;.0000000;7;27;-5.9586445;1.4059460;1.5276523;-.80792746
1;0;.86453122E-01;.0000000;7;45;-2.8590012;1.4249843;1.8319132;-.77420169
1;0;.67767343E-01;.39647887;9;52;-2.6755268;.97486079;2.1082163;-.61071463
1;0;.56370396E-01;.0000000;9;56;-4.2269535;.46175127;2.3244250;-.47535268
1;0;.53577773E-01;.0000000;9;47;-2.6696650;.82724718;2.2745967;-.75437939
1;0;.51932945E-01;.27910695;9;13;-4.4937361;.80016304;1.8925274;-.61239046
1;0;.50091102E-01;.0000000;9;39;-2.8487771;.72546523;2.3272384;-.79151349
1;0;.51479811E-01;.0000000;9;14;-2.0915796;1.1465238;2.0931424;-.90716492
1;0;.52358250E-01;.60498691E-01;9;11;-2.2278651;.69893486;2.2296205;-.92684812
1;0;.53275870E-01;.0000000;9;2;-3.0670068;.57991692;2.3456144;-.85712797
1;0;.53034800E-01;.0000000;9;22;-2.5557610;.70800373;2.3144976;-.94629193
1;0;.50662797E-01;.60320672E-01;9;46;-3.3210158;.55167481;2.3588465;-1.0043656
1;0;.49742354E-01;.0000000;9;28;-2.4808821;.77747010;2.2028448;-1.4658025
1;0;.50760250E-01;.0000000;9;2;-3.0583239;1.2370184;2.0266425;-1.4556771
1;0;.49174261E-01;.18179276;9;39;-1.3571460;1.0542051;1.9667059;-1.0519325
1;0;.49736092E-01;.0000000;9;3;-2.2508747;.84382259;2.2700399;-1.0235269
1;0;.49923736E-01;.0000000;9;21;-1.5852551;.90653330;2.1733072;-.97730205
1;0;.47495457E-01;.45427822E-01;9;36;-3.3745739;.52035367;2.3248355;-.75691558
1;0;.50229337E-01;.0000000;9;15;-2.6939121;1.3207929;1.8711874;-.69971080
1;0;.50494425E-01;.0000000;9;1;-4.2967242;.83225360;2.1069484;-.28846750
1;0;.49941782E-01;.33300484E-01;9;18;-5.1374427;.91280335;1.7927035;-.37670640
1;0;.51425053E-01;.0000000;9;6;-4.0043319;1.0784912;1.8587525;-.40187729
1;0;.51876604E-01;.0000000;9;2;-4.9932624;1.5123797;1.6950991;-.24022808
1;0;.52518351E-01;.44626013E-01;9;10;-6.7407752;1.7798621;1.9208523;-.54042683E-01
1;0;.53731209E-01;.0000000;9;5;-6.5034391;1.9648874;1.5476179;-.87464676E-01
1;0;.54459714E-01;.0000000;9;3;-7.1417500;1.9732384;1.3974453;.61481132E-01
1;0;.56141994E-01;.0000000;9;5;-6.0301810;1.7412726;1.5036661;-.13250302
1;0;.57664345E-01;.0000000;9;1;-5.3364986;1.3900221;2.1086201;-.25404712
1;0;.58608051E-01;.85524832E-01;9;6;-5.6592542;1.2190804;1.6601265;-.15851171
1;0;.60097961E-01;.0000000;9;4;-6.0371459;1.0901516;2.3992470;-.66267770
1;0;.61557284E-01;.0000000;9;3;-3.7803054;.90149052;2.2678352;-.45591726
1;0;.62660891E-01;.52769202E-02;9;7;-3.7281628;1.2634786;1.9511765;-.41519259
1;0;.62942113E-01;.0000000;9;4;-5.1051897;.91539439;1.8295119;-.28752152
1;0;.64224278E-01;.0000000;9;7;-4.9530739;.65170230;2.0151887;-.33467997
1;0;.64156291E-01;.0000000;9;3;-7.5180771;.18565794;2.2172984;.13760924
1;0;.64243359E-01;.0000000;9;1;-9.6285106;.51548150;2.8850714;-.51122220
1;0;.65399496E-01;.0000000;9;2;-9.7472168;.17519269;3.1325052;-.20474690
1;0;.66718465E-01;.0000000;9;2;-6.2947154;.13018687;2.6326207;-.14578495
1;0;.68029453E-01;.30563754E-01;9;2;-5.5248438;.47002610;2.5831097;-.27345853
1;0;.69183376E-01;.0000000;9;4;-4.5564111;.69577718;2.4327623;-.39315970
1;0;.70361162E-01;.0000000;9;8;-4.0766538;.52846695;2.2203111;-.49952225
1;0;.70849924E-01;.10902969E-01;9;22;-3.5912285;1.0658937;2.2470644;-.66938584
1;0;.72436696E-01;.0000000;9;5;-3.3998393;1.0453077;2.2545126;-.77051425
1;0;.72916824E-01;.0000000;9;11;-2.5815727;1.2211660;2.0739667;-.82998396
1;0;.71921728E-01;.17731936E-01;9;38;-1.6378994;1.0573691;1.9341748;-1.2694784
1;0;.72487970E-01;.0000000;9;8;-1.1267606;1.0049066;2.0835937;-1.0651707
1;0;.72624345E-01;.0000000;9;4;-2.7692041;1.0184037;1.8889842;-.77394550
1;0;.72200870E-01;.31128520E-01;9;20;-2.5789737;1.1659083;2.0898856;-1.3549396
1;0;.71819028E-01;.0000000;9;9;-3.6341041;1.2825364;1.9308482;-1.5980341
1;0;.71040951E-01;.0000000;9;29;-3.3233635;.95554224;1.9241171;-1.3276140
1;0;.70601304E-01;.47694303E-01;9;9;-4.6530282;.83752050;1.9926067;-1.4534695
1;0;.69181353E-01;.0000000;9;37;-3.2420079;1.0577559;1.8634402;-1.2882760
1;0;.68987207E-01;.0000000;9;17;-1.7820432;1.2552731;1.8816289;-1.2497323
1;0;.68486250E-01;.0000000;9;17;-2.8404248;1.3364659;1.8739841;-1.3964583
1;0;.69499548E-01;.34948686E-01;9;8;-2.1244945;1.0868430;1.9791911;-.74894845
1;0;.69765186E-01;.0000000;9;5;-3.0550779;1.0434928;2.2056310;-.67720976
1;0;.70646373E-01;.0000000;9;3;-3.0501690;1.3725145;1.8403537;-.63719695
1;0;.71299879E-01;.0000000;9;8;-2.4836522;.90324702;2.2667327;-.99262481
1;0;.71789484E-01;.81034583E-02;9;3;-4.3062389;.95414841;2.3067961;-.41045247
1;0;.72157685E-01;.0000000;9;2;-5.0525536;.91835924;2.0309304;-.13885907
1;0;.72927380E-01;.0000000;9;4;-4.4675514;1.5016915;1.5995888;-.84068583
1;0;.73921027E-01;.0000000;9;1;-4.2406319;1.2274598;1.6857579;-.59423355
1;0;.74832426E-01;.0000000;9;2;-4.1042319;1.2813100;2.1538124;-.72679479
1;0;.75372008E-01;.38952382E-02;9;4;-4.3253774;.78131519;1.9164517;-.68140424
1;0;.76097739E-01;.0000000;9;10;-2.5801089;1.2381570;1.9100371;-1.5329554
1;0;.76117933E-01;.0000000;9;8;-3.6760272;1.5460187;1.7054865;-.93751163
1;0;.76224749E-01;.92493214E-02;9;7;-4.6855345;1.4475248;1.5853993;-.51276060
1;0;.76181890E-01;.0000000;9;1;-8.0418033;1.2837941;1.3186852;-.53090956E-01
1;0;.76901992E-01;.0000000;9;4;-4.6683518;1.3274153;1.6797439;-.34690978
1;0;.76932803E-01;.62035667E-02;9;31;-3.4225689;1.2381069;2.0000809;-.48830263
1;0;.77166412E-01;.0000000;9;10;-2.6261897;1.1945726;2.0911273;-1.2336495
1;0;.76949747E-01;.0000000;9;10;-3.9783042;.59283040;2.2635062;-.43547350
1;0;.76886242E-01;.0000000;9;3;-6.2123435;1.0063389;2.4828370;-.39446615
1;0;.77711830E-01;.0000000;9;2;-3.2292863;.66112261;2.1279650;-.69671776
1;0;.77764244E-01;.15340029E-01;9;22;-3.5117176;1.4461677;1.9569474;-.75419380
1;0;.78752337E-01;.0000000;7;9;-3.9874891;1.2012479;1.7831744;-.43797278
1;0;.79398814E-01;.0000000;7;4;-3.9021460;1.5854133;1.6892986;-.65881393
1;0;.79817564E-01;.0000000;7;4;-4.1725288;1.5554391;1.6240213;-.82399637
1;0;.79688262E-01;.0000000;7;3;-6.5198569;1.6555879;1.3895577;-.12510280
1;0;.80415216E-01;.13939377E-01;7;5;-6.5600122;1.3111335;1.4748976;-.16732261
1;0;.81153521E-01;.0000000;7;4;-2.0512602;.86891015;2.0566842;-.84640806
1;0;.79430108E-01;.0000000;7;52;-2.1365372;1.3122919;1.8361943;-.99138245
1;0;.79960941E-01;.0000000;7;2;-2.4126846;1.0662336;2.0626421;-.67365592
1;0;.79400892E-01;.19617795E-01;7;26;-1.9819187;.89994415;2.0315472;-.86941736
1;0;.79375739E-01;.0000000;7;4;-3.2254105;1.0298761;1.8908704;-.59283499
1;0;.79233261E-01;.0000000;7;3;-6.3434805;1.1669035;1.7299819;.40607490E-01
1;0;.79934513E-01;.74978922E-02;7;20;-6.0287759;1.8854172;1.7661677;-.45588270
1;0;.80643575E-01;.0000000;7;2;-6.0219765;1.5916815;1.8942809;-.55870825E-01
1;0;.81031603E-01;.0000000;7;2;-6.5357826;1.6519004;1.7143676;.69258309E-01
1;0;.81458498E-01;.25105357E-01;7;1;-7.0665001;1.3575273;1.6986711;.19635643
1;0;.81955395E-01;.0000000;7;5;-3.0038728;1.1911870;1.7783209;-.90329799
1;0;.82176056E-01;.0000000;7;9;-3.1372585;.78830230;2.0169456;-.71416213
1;0;.82158546E-01;.0000000;7;19;-3.0467508;.73065514;2.1566184;-.60657884
1;0;.82677319E-01;.10437600E-01;7;5;-3.0532115;.95658163;2.2493344;-.67619897
1;0;.83303910E-01;.0000000;7;4;-2.3280864;.91742283;2.1833433;-.73992054
1;0;.82986620E-01;.0000000;7;17;-2.2512528;1.1288197;1.8981037;-.79038385
1;0;.83121482E-01;.74008606E-02;7;1;-3.6323798;1.2785217;2.1169308;-.91918655
1;0;.83419814E-01;.0000000;7;2;-4.2501261;.61137826;2.4198404;-1.1268224
1;0;.83981413E-01;.0000000;7;1;-4.4909503;.70054560;2.4049454;-1.1812383
1;0;.84165690E-01;.0000000;7;17;-1.9878538;1.0910018;2.0993050;-.84928688
1;0;.84408971E-01;.0000000;7;1;-2.9220827;1.1585099;1.8086229;-1.1287654
1;0;.84509834E-01;.64268690E-02;7;10;-4.5813831;.93685110;1.8030948;-.76938210
1;0;.85036735E-01;.0000000;7;11;-3.6329985;1.4046164;2.0090806;-.92778034
1;0;.85679094E-01;.0000000;7;2;-3.0668677;1.4862062;1.7802607;-.89668110
1;0;.86328766E-01;.0000000;7;2;-1.9995477;1.0342758;1.9822844;-.79745930
1;0;.86325099E-01;.62665742E-02;7;15;-2.1793771;.75641027;2.2525725;-.89655601
1;0;.86458441E-01;.0000000;7;4;-3.8207873;.47230098;2.2712926;-.71117118
1;0;.86562277E-01;.0000000;7;11;-2.5608744;.81457455;2.2989754;-.91768821
1;0;.86646576E-01;.0000000;7;1;-4.1790581;1.2508649;2.1800569;-.77068511
1;0;.86653187E-01;.73268844E-02;7;14;-1.7062410;.92673966;2.1784271;-1.3784305
1;0;.86742714E-01;.0000000;7;10;-2.6558962;1.0697848;1.8526873;-.96400788
1;0;.86768195E-01;.0000000;7;2;-4.2338185;.80665853;2.4199540;-.62118555
1;0;.86831028E-01;.66408782E-02;7;8;-4.7480479;.35242245;2.5253782;-.56538999
1;0;.87203086E-01;.0000000;7;6;-5.1476430;.36930353;2.5631110;-.39194675
1;0;.87213948E-01;.0000000;7;12;-5.3261442;.29617988;2.5099747;-.29934456
1;0;.87339681E-01;.20947875E-01;7;4;-9.0872623;-.21061071;2.4007144;.39941866
1;0;.87872905E-01;.0000000;7;3;-8.3285324;-.38543220;2.8737328;.15051495
1;0;.87858342E-01;.0000000;7;3;-10.433895;-1.0357271;3.0662990;.84698540E-01
1;0;.88461521E-01;.0000000;7;2;-9.0746868;-.38409424;3.2082454;.11704639
1;0;.88440256E-01;.39165803E-01;7;4;-10.392870;.11102487E-01;3.1894031;.63982453
1;0;.89094173E-01;.0000000;7;1;-10.157731;.71408024;3.0824592;.26120690
1;0;.89668862E-01;.0000000;7;2;-10.221061;.70706201;2.9352853;.60167331
1;0;.89793446E-01;.0000000;7;2;-11.433459;.54622239;2.8429205;.92459065
1;0;.90444058E-01;.0000000;7;1;-9.2539903;.74412065;2.5642996;.55876682
1;0;.91093741E-01;.0000000;7;1;-7.4243833;.60183404;2.6816444;.12139705
1;0;.91613440E-01;.0000000;7;3;-5.0993135;.92610778;2.4289406;-.46148485
1;0;.91947596E-01;.29764847E-01;7;8;-4.8897125;.70365503;2.1479873;-.19984981
1;0;.92531646E-01;.0000000;7;7;-4.1925675;.55528951;2.1325589;-.56242818
1;0;.93171158E-01;.0000000;7;1;-2.8018132;1.1402196;2.0002542;-.58755912
1;0;.93114540E-01;.51644980E-02;7;18;-2.2682109;1.0796957;1.9873497;-.70879304
1;0;.94054428E-01;.0000000;7;8;-2.0661022;.79910394;2.1110819;-1.3462049
1;0;.93103862E-01;.0000000;7;32;-3.1964126;.80733785;2.1977846;-.52739567
1;0;.93772611E-01;.0000000;7;5;-2.9825092;1.2939694;2.0592064;-.88811910
1;0;.94018874E-01;.12139506E-01;7;7;-2.5446238;1.1486295;1.8913204;-.70218445
1;0;.94310438E-01;.0000000;7;6;-2.0802930;1.2590732;2.0133207;-1.0715095
1;0;.93840454E-01;.0000000;7;21;-1.8305283;1.1515373;2.0719774;-1.2931899
1;0;.93783474E-01;.0000000;7;3;-3.4670648;.71332090;2.2569724;-1.4727356
1;0;.94317357E-01;.69665954E-02;7;8;-2.4038165;.65556065;2.2406316;-1.0035145
1;0;.94519957E-01;.0000000;7;11;-1.9948153;.93050465;2.1411286;-.79519386
1;0;.95250018E-01;.0000000;7;7;-1.7291391;1.1336839;2.0677160;-.95127818
1;0;.95169823E-01;.58086231E-02;7;4;-3.2135249;1.2619736;2.1008848;-.96029985
1;0;.94933651E-01;.0000000;7;5;-7.1436347;.60073424;2.0686151;-1.2853079
1;0;.95394021E-01;.0000000;7;3;-2.1384520;.94987466;1.9920359;-.81973361
1;0;.95340117E-01;.30523860E-02;7;3;-5.2769358;.51003208;2.0732396;-.76630431
1;0;.95691179E-01;.0000000;7;5;-2.3442784;1.0609814;2.1721892;-.89456321
1;0;.95687102E-01;.0000000;7;2;-6.7359556;1.7379288;1.3279893;-.47793980
1;0;.95714451E-01;.0000000;7;10;-2.4916547;1.0481928;1.9110537;-1.3737253
1;0;.96292912E-01;.0000000;7;4;-2.3577126;1.2325762;1.9248673;-1.5160784
1;0;.96626507E-01;.52848766E-02;7;5;-1.5977302;1.0780616;2.0853876;-.94505039
1;0;.96618997E-01;.0000000;7;4;-4.4583926;.80380907;2.1443964;-.25754006
1;0;.97170181E-01;.0000000;7;9;-4.4610938;.34197315;2.4037137;-.70922737
1;0;.96306147E-01;.77499164E-02;7;26;-4.1671636;.83064794;2.0330658;-1.5292674
1;0;.96306455E-01;.0000000;7;19;-2.0692579;.94477608;2.1629807;-1.5097078
1;0;.96123798E-01;.0000000;7;18;-2.1584068;1.0401698;2.1423708;-1.4214624
1;0;.96100668E-01;.19082361E-01;7;9;-2.3593634;.82387460;2.2150671;-1.4590055
1;0;.95957048E-01;.0000000;7;36;-1.8514151;1.0116460;2.1161884;-.84160933
1;0;.95832535E-01;.0000000;7;7;-2.8018692;.75026019;2.3260037;-.82832253
1;0;.95917984E-01;.10188060E-01;7;2;-3.9266398;.63850552;2.1102435;-.51809611
1;0;.96319552E-01;.0000000;7;7;-2.6170698;1.3992926;1.7957953;-.92730792
1;0;.96801793E-01;.0000000;7;11;-1.6458090;1.2626463;1.9005218;-1.1382859
1;0;.96903641E-01;.0000000;7;9;-1.4754233;.85235508;2.0979801;-1.0630097
1;0;.96748266E-01;.0000000;7;7;-3.3393231;1.1129183;1.8217627;-.62365243
1;0;.96394588E-01;.61067436E-02;7;24;-3.4078018;1.5246771;1.7835670;-.99363078
1;0;.96384292E-01;.0000000;7;3;-4.7379619;.80246073;2.0180212;-.24771486
1;0;.96389400E-01;.0000000;7;8;-5.2521192;.73978705;2.4977499;-.83353542
1;0;.96572464E-01;.78126580E-02;7;7;-3.3633753;.89608692;1.9416824;-1.2215923
1;0;.97076327E-01;.0000000;7;1;-2.9199604;1.0126837;2.1566400;-1.5545523
1;0;.95950158E-01;.0000000;7;33;-2.7488599;.90767263;2.0519573;-1.6229341
1;0;.95431450E-01;.16112629E-01;7;28;-1.5062766;1.1687598;1.9062113;-1.0886786
1;0;.95542505E-01;.0000000;7;1;-2.7054645;1.2205137;2.0936553;-1.0769550
1;0;.95620153E-01;.0000000;7;30;-2.7325571;.97562899;1.9819678;-.63726812
1;0;.95903521E-01;.0000000;7;3;-2.9393397;1.0014777;2.1829819;-.61884595
1;0;.95804499E-01;.0000000;7;7;-4.5294169;1.3035879;2.1692183;-.69248951
1;0;.95950511E-01;.10954560E-01;7;1;-5.5165542;1.2536025;2.1878466;-1.0941765
1;0;.96392298E-01;.0000000;7;4;-5.4335045;.45846137;2.0845340;-.59863877
1;0;.96759363E-01;.0000000;7;4;-2.7533658;1.3360126;1.9612169;-.75122718
1;0;.97088480E-01;.0000000;7;2;-2.9545656;1.1477853;1.9257313;-.56827182
1;0;.97339140E-01;.0000000;7;1;-3.5077820;1.5035858;1.8798972;-.94683501
1;0;.97689918E-01;.20652976E-02;7;2;-3.6536028;1.1691175;2.0631284;-.43446441
1;0;.98111058E-01;.0000000;7;2;-2.3743007;1.3039858;1.9115904;-.78606650
1;0;.98426446E-01;.0000000;7;6;-2.5767324;1.0506383;2.1120131;-.66003166
1;0;.98643956E-01;.20598690E-02;7;6;-2.6062497;.81463978;2.0187604;-1.0692091
1;0;.98977155E-01;.0000000;7;6;-2.4669402;1.0279174;2.2038339;-.91880433
1;0;.99193739E-01;.0000000;7;6;-2.1478962;.72840281;2.1447757;-1.0684904
1;0;.99298954E-01;.0000000;7;1;-3.3422811;1.2057185;2.1460842;-.73814396
1;0;.99390567E-01;.41061388E-02;7;11;-3.3633897;1.0080379;1.9928811;-.46948020
1;0;.98487604E-01;.0000000;7;39;-1.0223165;1.0927704;2.0457094;-1.2360785
1;0;.96320685E-01;.0000000;7;59;-1.2888683;1.0669373;2.0982913;-1.2115137
1;0;.94845217E-01;.19345067E-01;7;55;-1.1990054;1.0903051;2.0727115;-1.2328770
1;0;.94970119E-01;.0000000;7;2;-1.9925602;1.2287515;1.9159394;-1.4411514
1;0;.94755758E-01;.0000000;7;6;-4.1315886;1.4551377;1.7179856;-1.2201583
1;0;.94715245E-01;.0000000;7;2;-6.3946794;1.7972316;1.6032258;-.14908586E-01
1;0;.94920788E-01;.76527809E-02;7;2;-6.8889852;1.8956961;1.3687214;-.66383431
1;0;.94807023E-01;.0000000;7;21;-4.5511769;1.4256995;1.6000443;-.54566223
1;0;.95115629E-01;.0000000;7;4;-4.4951846;1.6284812;1.7603300;-.43818337
1;0;.95538868E-01;.0000000;7;1;-3.9653001;.96803106;2.0068737;-.34852018
1;0;.95916869E-01;.0000000;7;2;-2.6912106;1.3112303;2.0013655;-1.1738881
1;0;.95960654E-01;.70809114E-02;7;10;-3.4027236;1.3123024;1.7602909;-1.2351109
1;0;.96125473E-01;.0000000;7;10;-4.0733807;1.5592690;1.6309121;-.75768888
1;0;.96523386E-01;.0000000;7;5;-1.5901599;.96895279;2.1278385;-.91884757
1;0;.96217230E-01;.36944584E-02;7;15;-1.8837082;1.0334109;1.9277076;-1.2299387
1;0;.96631619E-01;.0000000;7;1;-1.6072061;1.0514152;1.9866084;-1.5205222
1;0;.97153370E-01;.0000000;7;21;-1.6927264;.86567845;2.1555025;-1.4632154
1;0;.97075956E-01;.56461924E-02;7;7;-2.6206542;.62517915;2.2746337;-1.0250273
1;0;.97408008E-01;.0000000;7;2;-2.6950362;1.0080885;2.2111415;-.77012808
1;0;.97671604E-01;.0000000;7;5;-1.3645289;1.1360615;2.0367887;-1.0511775
1;0;.97555278E-01;.0000000;7;3;-4.7201740;1.1017885;2.1865249;-1.4266266
1;0;.97858668E-01;.16249933E-02;7;4;-2.9635249;.63256550;2.2320573;-.71381961
1;0;.97896060E-01;.0000000;7;1;-4.6726860;.64321435;2.4941822;-.84907374
1;0;.98051993E-01;.0000000;7;1;-5.4827109;.87965255;2.4008048;-1.0803266
1;0;.97898191E-01;.15341083E-02;7;14;-2.6217540;.95963559;1.9294579;-1.2031616
1;0;.96036241E-01;.0000000;7;61;-1.1965416;1.0091619;1.9929219;-1.2773440
1;0;.96142103E-01;.0000000;7;4;-1.7194351;.86676458;2.1382499;-.89340791
1;0;.96450570E-01;.0000000;7;3;-1.3642951;.96755811;2.1559209;-1.1444731
1;0;.96640348E-01;.12840495E-01;7;14;-1.2814217;.98292341;2.0022134;-1.2907512
1;0;.96772085E-01;.0000000;7;8;-2.0373405;1.3097473;1.9091856;-1.2436450
1;0;.96642068E-01;.0000000;7;27;-2.0749521;1.2457718;1.9198768;-.82949180
1;0;.96250722E-01;.64382949E-02;7;23;-3.0472598;1.1258996;1.8677222;-.60709939
1;0;.96142001E-01;.0000000;7;13;-3.8097228;.97736679;2.0172427;-.37442346
1;0;.96154699E-01;.0000000;7;3;-4.9528322;1.3881167;1.5897945;-.41317538
1;0;.96347331E-01;.0000000;7;1;-5.5367658;1.6553941;1.9434081;-.69040956
1;0;.96693583E-01;.0000000;7;3;-2.5969959;1.0717220;1.8726145;-.80491153
1;0;.96732348E-01;.41763923E-02;7;1;-4.2591456;.84326970;2.3717904;-.46093078
1;0;.97103209E-01;.0000000;7;8;-3.7714701;1.1185485;2.1103742;-.41463713
1;0;.97326445E-01;.0000000;7;2;-4.0999169;1.2481142;1.9623481;-.33310024
1;0;.97590867E-01;.0000000;7;1;-4.4080101;1.3727335;1.6798226;-.40663997
1;0;.97965000E-01;.17322962E-02;7;1;-4.3376373;1.6100850;1.8618568;-.76433665
1;0;.98144984E-01;.0000000;7;2;-4.9819826;1.6089658;1.8454273;-.30863659
1;0;.98312302E-01;.0000000;7;4;-5.6683045;1.5504865;1.5272954;-.21050878
1;0;.98644275E-01;.0000000;7;2;-3.7684927;1.2701004;1.9031758;-.40601667
1;0;.98853402E-01;.37883752E-02;7;5;-3.5141537;1.3198595;1.7750714;-.54155350
1;0;.99119233E-01;.0000000;7;9;-3.1699889;1.1866797;1.8501294;-.57105248
1;0;.99686866E-01;.0000000;7;13;-2.9791129;.84991655;1.9628327;-.93048088
1;0;.99697437E-01;.32158599E-02;7;16;-3.3206601;1.3622440;1.7480747;-1.1804094
1;0;.99893031E-01;.0000000;7;7;-.97003724;1.0793603;2.0432465;-1.3125194
1;0;.99680384E-01;.0000000;7;13;-1.7021446;.85420477;2.1780868;-1.4128929
1;0;.99638307E-01;.36511653E-02;7;6;-2.4157396;1.0145293;1.9148605;-.83003987
1;0;.99635471E-01;.0000000;7;4;-3.3608724;.96039678;2.2904145;-.72530334
1;0;.99911107E-01;.0000000;7;7;-3.2754320;1.3578133;2.0121175;-.72196994
1;0;.10023196;.0000000;7;2;-2.9540533;1.1218958;1.9920829;-.54935498
1;0;.10026578;.0000000;7;1;-4.6420106;1.2864210;2.1902047;-.66625284
1;0;.10066288;.0000000;7;3;-2.2182404;1.0456097;1.9192234;-.83723440
1;0;.10062768;.28918537E-02;7;5;-3.6200802;1.3071410;1.7784619;-.50923631
1;0;.10098571;.0000000;7;1;-3.0264360;.95113000;1.8941080;-.87844193
1;0;.10114856;.0000000;7;8;-2.6400700;.84890432;1.9919600;-1.0926354
1;0;.10142465;.0000000;7;3;-1.6907607;1.0820644;1.9900264;-1.5671625
1;0;.10138447;.0000000;7;8;-2.0337157;1.1585126;1.8582002;-1.0748092
1;0;.10161590;.28047103E-02;7;5;-1.2097998;1.1194029;1.9724840;-1.4013233
1;0;.10167808;.0000000;7;29;-1.2700851;.93777140;2.0743932;-1.0230113
1;0;.10187538;.0000000;7;1;-1.7677409;.79551603;2.2299538;-1.1112284
1;0;.10189568;.51292205E-02;7;4;-3.0022984;1.0228065;2.0765785;-.53432078
1;0;.10214220;.0000000;7;4;-2.4777679;1.1584718;1.9332196;-.67971647
1;0;.10206246;.0000000;7;4;-4.4729916;1.6805216;1.6270341;-.74805785
1;0;.10237094;.17255550E-02;7;2;-2.2509280;1.1273712;2.0892747;-.79205469
1;0;.10259343;.0000000;7;2;-2.5017458;1.3095586;1.9165685;-.75108774
1;0;.10255769;.0000000;7;3;-4.0405785;.86283952;1.8829617;-.80531829
1;0;.10278622;.0000000;7;4;-2.4795850;1.3219357;1.8461494;-1.3122010
1;0;.10200766;.12756362E-02;7;39;-1.1603446;1.0803846;2.0505019;-1.4138915
1;0;.10214267;.0000000;7;7;-1.3022447;1.1993809;1.9449103;-1.1907597
1;0;.10211967;.0000000;7;3;-3.5184907;1.2392676;1.7388300;-.67541463
1;0;.10245990;.0000000;7;1;-3.1716440;.76643539;2.3121773;-.63499319
1;0;.10253159;.59737115E-02;7;10;-3.3111930;1.3502476;1.7155225;-.78541071
1;0;.10237887;.0000000;7;4;-8.9777453;1.3701252;1.5446435;-1.1562655
1;0;.10231326;.0000000;7;13;-4.7455605;1.4025436;1.5871849;-.52832197
1;0;.10250398;.0000000;7;5;-4.1037723;1.2883772;1.8145115;-.36318598
1;0;.10280140;.0000000;7;2;-2.2907545;1.3641524;1.8993967;-1.0347373
1;0;.10296390;.47015081E-02;7;3;-2.8305152;.77303218;2.0368647;-.85826892
1;0;.10320806;.0000000;7;5;-2.8542435;.70910660;2.1676164;-.67938579
1;0;.10354243;.0000000;7;1;-1.8262206;1.1816499;1.9220279;-.88217353
1;0;.10350992;.0000000;7;2;-5.1278150;1.4063108;2.1405571;-.53498405
1;0;.10370388;.0000000;7;3;-6.1519762;1.2415793;1.7095716;.60602176E-02
1;0;.10379321;.25966935E-02;7;5;-6.6122974;1.4413585;2.1276300;.18759458E-01
1;0;.10412600;.0000000;7;1;-5.2509492;1.4687117;1.9843876;-.21142595
1;0;.10426831;.0000000;7;12;-6.6842192;1.6319744;2.0651261;-.83741878E-01
1;0;.10466056;.0000000;7;4;-6.0822725;1.5664901;2.0914247;-.54733839
1;0;.10502062;.13037569E-01;7;5;-5.0503381;1.3321795;2.0520688;-.21121881
1;0;.10507168;.0000000;7;1;-6.4623610;1.9797023;1.6691052;-.55019526
1;0;.10515975;.0000000;7;2;-7.2620972;1.4359196;1.3463332;-.10587517
1;0;.10545039;.0000000;7;2;-3.7927324;1.0284906;1.8709785;-.47138883
1;0;.10574087;.0000000;7;2;-2.8321004;1.1762294;1.9231326;-.59795339
1;0;.10584192;.21168025E-02;7;4;-3.2232117;1.3368609;1.7445455;-.69854608
1;0;.10597649;.0000000;7;8;-3.6771163;1.4687314;1.7493546;-.55393167
1;0;.10613508;.0000000;7;1;-4.2940967;.61843870;2.0470868;-.64923776
1;0;.10617538;.20026918E-02;7;7;-5.7878331;1.2528189;1.8947192;-.52158829E-02
1;0;.10638510;.0000000;7;4;-4.3839682;1.5236788;1.9708181;-.71113223
1;0;.10671829;.0000000;7;2;-3.5707166;1.0165376;1.9454036;-.45001481
1;0;.10695786;.23312569E-02;7;7;-3.0041492;1.0847415;2.2005149;-.78077083
1;0;.10697989;.0000000;7;9;-1.5587297;1.0221546;2.1438858;-1.2523094
1;0;.10692661;.0000000;7;12;-1.3503412;1.1455337;2.0121375;-1.4064053
1;0;.10689817;.42923318E-02;7;15;-1.1159520;1.0924023;1.9669595;-1.3003033
1;0;.10688787;.0000000;7;3;-2.3700769;.72239425;2.1280592;-1.1101040
1;0;.10697728;.0000000;7;2;-3.1667148;.64554218;2.3415691;-.69267855
1;0;.10714998;.12031633E-02;7;7;-2.6430670;.71747214;2.2179339;-.71901486
1;0;.10740889;.0000000;7;11;-2.1442823;.75387521;2.2642217;-.96129073
1;0;.10727714;.0000000;7;7;-3.2934293;.54113413;2.3397566;-.99988107
1;0;.10739936;.0000000;7;5;-4.6340262;.33222698;2.4126439;-.80238587
1;0;.10743037;.0000000;7;1;-6.2687311;.38960253;2.2455140;-.17665619E-01
1;0;.10772280;.0000000;7;4;-4.6129762;.34942265;2.3198003;-.60619443
1;0;.10803798;.0000000;7;1;-4.0688794;.45234856;2.3259641;-.55135995
1;0;.10824020;.45933398E-02;7;4;-2.2178661;.79321457;2.2782872;-1.0569374
1;0;.10842590;.0000000;7;5;-1.2089052;.97686309;2.0281348;-1.0740441
1;0;.10849108;.0000000;7;1;-2.4344634;.66036291;2.2650732;-.93567208
1;0;.10846696;.0000000;7;2;-4.8222388;.53310429;2.1676050;-1.1144001
1;0;.10865036;.12919203E-02;7;5;-3.5957932;.77665627;2.3877502;-.87048116
1;0;.10899034;.0000000;7;2;-3.3245029;.52151685;2.2891621;-.86903019
1;0;.10930286;.0000000;7;1;-2.9768279;1.0339432;1.9906339;-.54854422
1;0;.10949817;.12119092E-02;7;6;-3.7020918;.94594550;1.9078978;-.51356135
1;0;.10959031;.0000000;7;2;-4.4776296;.65676035;2.3217913;-.30362918
1;0;.11003153;.0000000;7;4;-3.4337500;.81223271;2.3630961;-.92417657
1;0;.11000185;.0000000;7;2;-7.2358715;.91901404;1.5902191;-.27086990
1;0;.11031239;.0000000;7;1;-2.5613512;1.2375499;2.0126254;-1.4147150
1;0;.11052455;.11934632E-02;7;2;-2.7488154;1.2644579;1.7747981;-.93112412
1;0;.11083458;.0000000;7;1;-2.3991835;.67755818;2.2190127;-.88576361
1;0;.11084154;.0000000;7;9;-1.8616913;.86032656;2.1705060;-1.4747527
1;0;.11055140;.0000000;7;12;-3.3069199;1.3008774;2.0774617;-.80720862
1;0;.11090086;.32146635E-02;7;5;-2.9093522;1.0436527;1.9320620;-.60575980
1;0;.11098522;.0000000;7;7;-4.3049453;1.0289092;1.9629201;-.28317302
1;0;.11129146;.0000000;7;1;-4.1331101;.61833888;2.4022764;-.45643061
1;0;.11133075;.12372940E-02;7;3;-5.3351635;.52226707;2.0942943;-.92620605
1;0;.11121541;.0000000;7;23;-3.4045379;.94654889;2.3074159;-.80601749
1;0;.11131771;.0000000;7;4;-3.8562926;1.0340780;2.0058232;-.35932185
1;0;.11151999;.0000000;7;4;-1.3422337;.89221528;2.1763425;-1.2068487
1;0;.11138814;.30948589E-02;7;5;-3.4359483;1.4716677;1.7392510;-1.0989039
1;0;.11165588;.0000000;7;3;-3.2109384;1.2299672;1.9590172;-1.6307995
1;0;.11175496;.0000000;7;6;-3.7424831;1.1824984;1.7951462;-1.3014809
1;0;.11190005;.14473808E-02;7;2;-4.1705550;1.1784860;1.7679328;-1.2316710
1;0;.11193798;.0000000;7;13;-4.9000196;1.0241076;2.3628791;-.74771275
1;0;.11217216;.0000000;7;14;-1.3558911;1.0827393;2.0593626;-1.0002315
1;0;.11210963;.0000000;7;5;-2.4163951;.80972281;2.0388762;-.92635208
1;0;.11219080;.39210878E-02;7;7;-2.4706372;.72015741;2.1486898;-.82325056
1;0;.11226346;.0000000;7;1;-3.5803830;.89353964;2.3252491;-1.0692908
1;0;.11257810;.0000000;7;3;-3.5652878;.95175650;1.9832455;-.45198819
1;0;.11271194;.12410697E-02;7;4;-3.7368608;1.0129833;2.2811533;-1.0231882
1;0;.11293234;.0000000;7;3;-3.3265134;.84014899;2.2842005;-.56952222
1;0;.11304728;.0000000;7;7;-3.9478581;1.0760132;2.1726070;-.40524123
1;0;.11318330;.0000000;7;2;-4.4074388;1.1261597;1.7323398;-.48838711
1;0;.11347232;.0000000;7;8;-4.2037613;.82275458;1.9499555;-.44139460
1;0;.11347559;.0000000;7;2;-5.9553361;.92388811;2.2704338;.28510726E-02
1;0;.11376770;.24733955E-02;7;2;-5.8934010;.20053864;2.4639207;-.18399974
1;0;.11394411;.0000000;7;1;-6.3281942;.75468684;2.5173616;-.46211309E-01
1;0;.11395201;.0000000;7;1;-8.3097059;.68008582;2.5657491;.38175534
1;0;.11424473;.0000000;7;1;-7.3309450;.84235626;2.5315096;.15183738
1;0;.11450189;.0000000;7;2;-5.8006688;.67727619;2.4924474;-.12335014
1;0;.11479413;.0000000;7;1;-5.3698118;.87755623;1.8833491;-.17531008
1;0;.11486583;.46458156E-02;7;12;-5.5497894;.29175377;2.6300835;-.61190859
1;0;.11515671;.0000000;7;1;-4.4928760;.36858085;2.3444556;-.83154169
1;0;.11532008;.0000000;7;1;-4.9831162;.56435869;2.4273847;-1.2181187
1;0;.11547210;.0000000;7;3;-5.5005149;.30782432;2.5171991;-.23751828
1;0;.11552270;.40525853E-02;7;1;-6.8109651;.55116677;2.7230411;-.43562995
1;0;.11576018;.0000000;7;3;-5.9871742;.69485178;2.5528450;-.16487237
1;0;.11601284;.0000000;7;2;-5.6081975;.72909424;2.5407212;-.31164414
1;0;.11626457;.0000000;7;2;-5.2744532;.66125485;2.1260923;-.14532672
1;0;.11660509;.26783653E-02;7;5;-5.0280670;1.1182974;2.0245476;-.13531403
1;0;.11657560;.0000000;7;1;-8.6650656;1.0002504;2.0845946;.51097246
1;0;.11688394;.0000000;7;3;-8.3502885;.92888451;2.2071991;.45124512
1;0;.11713385;.0000000;7;2;-5.4669719;.97872575;2.3563294;-.19170404
1;0;.11726586;.43097269E-02;7;10;-3.9415048;.73701936;2.0910905;-.41930832
1;0;.11730423;.0000000;7;2;-4.9840002;.27240086;2.4529513;-.73755113
1;0;.11725640;.0000000;7;11;-5.3645478;.25239008;2.3534919;-.69691713
1;0;.11759932;.0000000;7;4;-4.7786273;.29674629;2.4100382;-.55000679
1;0;.11786272;.0000000;7;1;-4.8484357;.34551127;2.4591814;-.89745307
1;0;.11807349;.46609040E-02;7;3;-4.0054529;.57690968;2.4626428;-.81292001
1;0;.11837964;.0000000;7;8;-3.4053083;.74897000;2.1909488;-.49573141
1;0;.11842811;.0000000;7;1;-4.7186396;1.0124577;2.0140725;-.19240810
1;0;.11867543;.10617585E-02;7;2;-3.3097656;1.1987997;2.1535187;-.78974034
1;0;.11876046;.0000000;7;9;-1.7952199;.88496372;2.0554357;-.91759778
1;0;.11877937;.0000000;7;4;-2.5215555;.69582004;2.2558320;-.79995434
1;0;.11839299;.0000000;7;26;-1.8940797;.93030085;2.1474879;-.83051171
1;0;.11805599;.59939487E-02;7;24;-1.1373347;1.0006989;2.0432343;-1.0533301
1;0;.11803733;.0000000;7;4;-2.0221392;1.2822762;1.8496830;-.98151573
1;0;.11819755;.0000000;7;18;-3.6868059;.71930036;2.0199660;-.67586707
1;0;.11838507;.0000000;7;4;-2.4206056;1.3224124;1.8046158;-1.1274136
1;0;.11853927;.0000000;7;6;-2.3297065;1.2859657;2.0066768;-.95070927
1;0;.11859193;.50105813E-02;7;4;-3.2437841;1.0006615;1.8988666;-1.3188309
1;0;.11866888;.0000000;7;6;-3.5740668;.80050532;2.3250033;-.54704529
1;0;.11867404;.0000000;7;6;-4.7207911;.99483988;1.9553567;-.21120714
1;0;.11882060;.0000000;7;5;-4.3542050;1.0631721;2.0457382;-.25989305
1;0;.11879788;.35592141E-02;7;4;-5.6453663;.95431513;1.9719231;-.35832644E-01
1;0;.11878877;.0000000;7;2;-7.5549030;.81276112;2.0771201;.31057349
1;0;.11906151;.0000000;7;1;-5.2736676;1.2734399;2.1752327;-.23915777
1;0;.11904460;.0000000;7;7;-6.1126281;1.0391836;2.0520876;.65475034E-01
1;0;.11931658;.0000000;7;1;-4.7816838;1.1663156;2.2006753;-.30266680
1;0;.11915849;.34616356E-02;7;21;-3.8239077;1.3143747;2.0253285;-.47220752
1;0;.11919387;.0000000;7;8;-3.3783808;1.4623798;1.8587763;-.63787302
1;0;.11943362;.0000000;7;1;-3.4804892;1.2334060;1.7742910;-.58220744
1;0;.11962974;.0000000;7;3;-1.4092891;1.1687011;1.9538685;-1.0150275
1;0;.11974166;.0000000;7;2;-1.9106633;1.2810447;1.8695796;-1.2259659
1;0;.12000229;.39450055E-02;7;2;-1.7517235;.90992294;2.0087073;-1.0904007
1;0;.12015699;.0000000;7;5;-1.8686457;1.1217742;1.9110183;-.90545973
1;0;.12033396;.0000000;7;5;-3.4780858;.85440734;2.0158317;-.50673265
1;0;.12049635;.0000000;7;1;-3.9025572;.54082119;2.1898599;-1.0037000
1;0;.12052450;.11614184E-02;7;3;-4.7953088;.63769380;2.0016654;-.81121843
1;0;.12079173;.0000000;7;1;-2.6114824;1.3637300;1.8274401;-.79330100
1;0;.12081593;.0000000;7;4;-3.2880918;1.3032886;1.8238805;-.55404927
1;0;.12090106;.0000000;7;1;-4.2008330;1.0438963;2.1592212;-.32336270
1;0;.12116265;.10807819E-02;7;5;-4.1213744;.67563055;2.0134373;-.67498921
1;0;.12123373;.0000000;7;1;-5.1546191;.49592815;2.0960726;-.39354946
1;0;.12141845;.0000000;7;13;-4.4171981;.72024926;2.3798672;-.36331490
1;0;.12154141;.0000000;7;5;-2.5948268;1.1606583;1.8790806;-.70028137
1;0;.12182523;.0000000;7;2;-2.5335286;1.1139648;2.0313127;-.64905323
1;0;.12203769;.29862331E-02;7;4;-2.5699878;1.0070735;1.9467317;-.70409495
1;0;.12159887;.0000000;7;23;-1.1990031;.94010257;2.0400473;-1.2808004
1;0;.12114013;.0000000;7;32;-1.2003208;1.0725297;2.0665424;-1.3960469
1;0;.12078068;.59443256E-02;7;12;-2.7945487;.68605481;2.3235435;-1.1323360
1;0;.12096844;.0000000;7;3;-1.8509422;1.0506177;2.1529509;-1.0788511
1;0;.12057140;.0000000;7;33;-1.4073078;.99852133;2.1470497;-1.1660805
1;0;.12054475;.47078141E-02;7;3;-2.7157323;1.2467602;2.0710383;-.85090274
1;0;.12079469;.0000000;7;8;-3.0390389;1.2433511;1.9566017;-.56435860
1;0;.12087013;.0000000;7;1;-4.0055780;1.3313546;1.6661499;-.86846305
1;0;.12079067;.0000000;7;5;-5.9861255;1.9621765;1.6113313;-.43366195
1;0;.12101092;.0000000;7;2;-5.9605368;1.9384152;1.5891923;-.28453554
1;0;.12118304;.0000000;7;3;-6.5807063;2.0592115;1.5691959;-.20460164
1;0;.12116068;.0000000;7;1;-9.7039367;1.2683795;1.1142046;.17846269
1;0;.12141520;.0000000;7;1;-8.4082358;1.2458439;1.4273466;.31084908
1;0;.12166957;.0000000;7;1;-6.1624627;1.3829015;1.9012898;.47832255E-01
1;0;.12188789;.0000000;7;1;-6.2948558;1.1906081;2.3154432;-.81634156E-01
1;0;.12214198;.84745124E-02;7;1;-4.0961267;1.2086861;1.9153738;-.32659859
1;0;.12228379;.0000000;7;4;-4.1170993;1.3609707;2.0099471;-1.2604283
1;0;.12232837;.0000000;7;7;-5.0094748;1.5361323;1.6097035;-.30379837
1;0;.12249970;.0000000;7;4;-5.0031827;1.5141224;1.7467211;-.22188803
1;0;.12246109;.0000000;7;6;-6.3310409;1.3972135;2.0268189;.44802837E-01
1;0;.12251554;.82640629E-02;7;3;-7.1169601;2.0576432;1.6591629;-.19766815E-01
1;0;.12261300;.0000000;7;3;-7.5109433;2.2036762;1.2602770;-.14921169E-01
1;0;.12275141;.0000000;7;1;-8.0137654;1.9337574;1.2805655;.23950052
1;0;.12302808;.0000000;7;2;-7.5816528;2.1965699;1.5967808;-.37531688
1;0;.12312435;.0000000;7;1;-8.3609215;1.6905644;1.1232392;.18507063E-01
1;0;.12332985;.0000000;7;3;-7.7554582;1.8086096;1.1677605;-.10213529
1;0;.12349994;.91960320E-02;7;5;-5.9593062;1.8810493;1.4271996;-.35834551
1;0;.12375065;.0000000;7;1;-4.6301786;1.4959447;1.9587087;-.38762898
1;0;.12408948;.0000000;7;7;-3.8175912;1.1210032;1.8156298;-.48217206
1;0;.12428077;.20900105E-02;7;3;-3.7807596;1.2133806;2.0308240;-.41032296
1;0;.12432788;.0000000;7;14;-3.2061782;1.4395442;1.9224823;-1.0195818
1;0;.12419159;.0000000;7;14;-1.7104554;1.1339438;1.8953986;-1.2271812
1;0;.12399520;.28364726E-02;7;13;-2.8359412;.80381851;2.1118320;-.62636304
1;0;.12398700;.0000000;7;1;-5.1909949;1.0905069;2.3497474;-.45046688
1;0;.12390211;.0000000;7;10;-6.0228137;.68306042;2.3874388;-.34150162E-02
1;0;.12411778;.0000000;7;2;-4.5457479;.37865365;2.4951073;-.57114653
1;0;.12418685;.43688849E-02;7;6;-4.7139555;.38039371;2.2788806;-.48241872
1;0;.12407605;.0000000;7;17;-3.6008982;.57592834;2.4150270;-.72039606
1;0;.12414892;.0000000;7;1;-4.5548468;.56552543;2.5130150;-.57020056
1;0;.12412536;.22788139E-02;7;4;-5.4449940;.66904749;2.2239924;-1.6141434
1;0;.12436941;.0000000;7;1;-1.8902493;.85765360;2.0400859;-1.0367541
1;0;.12433161;.0000000;7;2;-4.0704996;1.3584388;1.7176491;-.45292252
1;0;.12436883;.0000000;7;8;-2.4736403;1.3365584;1.8598841;-.79382668
1;0;.12348573;.11015546E-02;7;41;-1.1513923;1.0821286;2.0601655;-1.1100697
1;0;.12338131;.0000000;7;7;-1.9373501;.96136216;2.0339512;-.80863700
1;0;.12342289;.0000000;7;7;-2.7876853;1.4403001;1.8424872;-.88030808
1;0;.12356407;.0000000;7;4;-2.1397984;1.1155469;1.8791182;-1.2559978
1;0;.12364192;.57625367E-02;7;14;-1.7433844;1.0667458;2.0675942;-.85727728
1;0;.12360119;.0000000;7;2;-4.3898788;.99391220;1.8355192;-.39936696
1;0;.12374682;.0000000;7;1;-4.8072433;1.1144418;2.2157030;-1.2762406
1;0;.12389088;.0000000;7;6;-2.6157472;.85216783;2.1892156;-.65925385
1;0;.12371871;.22891261E-02;7;20;-2.8211628;1.0136393;1.8749942;-1.0591197
1;0;.12372245;.0000000;7;3;-4.9424625;.90045462;1.8252787;-.37206160
1;0;.12395896;.0000000;7;1;-3.4473692;.80948475;1.9939200;-.61064585
1;0;.12416185;.0000000;7;2;-3.1176510;.73934836;2.2573102;-1.4468011
1;0;.12436458;.18578426E-02;7;2;-2.9666581;.72985100;2.3128297;-1.2472507
1;0;.12451569;.0000000;7;4;-3.1421012;.61582323;2.1934960;-.71952047
1;0;.12458189;.0000000;7;15;-2.8503998;1.1798110;1.9188431;-.59570146
1;0;.12464571;.19760676E-02;7;6;-3.6146967;.54293108;2.2644961;-.60124637
1;0;.12477243;.0000000;7;1;-4.1289078;.59309614;2.1368711;-1.0984417
1;0;.12489511;.0000000;7;6;-3.2351496;.86689471;2.0663165;-.51539102
1;0;.12514967;.96203234E-03;7;6;-2.6667104;1.0184737;2.0061980;-.61555467
1;0;.12532596;.0000000;7;3;-2.6756592;.86332146;2.1759619;-1.6039189
1;0;.12521482;.0000000;7;15;-1.9364494;1.2230528;1.8508341;-1.1138693
1;0;.12472506;.17966873E-02;7;29;-2.0555462;.97497623;1.9443892;-1.0173241
1;0;.12487830;.0000000;7;4;-2.0045521;1.1467243;1.9659639;-1.5782253
1;0;.12489091;.0000000;7;1;-3.7601645;.76350312;2.3992037;-.91576961
1;0;.12516334;.31201929E-02;7;6;-3.0257938;.96821743;2.2515827;-.71224610
1;0;.12493056;.0000000;7;12;-3.7413322;.74566594;2.4007796;-.67163974
1;0;.12518446;.0000000;7;3;-2.6804262;.64828787;2.2574245;-.80172694
1;0;.12515626;.20307815E-02;7;11;-2.5195789;.75754542;2.3087410;-.95156106
1;0;.12521368;.0000000;7;1;-3.5832353;.67817531;2.3842885;-.62101356
1;0;.12530396;.0000000;7;1;-4.3356193;.73236905;2.0057051;-.42462244
1;0;.12553210;.0000000;7;1;-3.7648707;1.0700003;2.1306672;-.40806129
1;0;.12569126;.0000000;7;3;-3.7795315;.79451515;2.1629944;-.39798341
1;0;.12591906;.0000000;7;1;-3.6068968;.57965097;2.3854332;-.62248789
1;0;.12586976;.10240453E-02;7;3;-5.4875445;.26157515;2.5889895;-.70878637
1;0;.12603167;.0000000;7;3;-4.6636442;.49392068;2.2065078;-1.0606383
1;0;.12603042;.0000000;7;8;-3.8054917;.82639152;2.3114643;-1.3325757
1;0;.12609442;.0000000;7;7;-.97515407;.93980719;2.0797844;-1.2438329
1;0;.12589546;.16268568E-02;7;23;-.93049253;1.0427280;2.0613508;-1.2027864
1;0;.12576128;.0000000;7;8;-3.1303081;.96518718;2.2789343;-.81720465
1;0;.12582555;.0000000;7;8;-2.6497923;.96236716;2.1968775;-.69266720
1;0;.12584424;.0000000;7;1;-4.2658549;1.1600119;1.8475283;-.32314653
1;0;.12578228;.29305283E-02;7;18;-4.6454821;1.1296395;2.1743152;-.27852051
1;0;.12595640;.0000000;7;1;-4.8586850;.84072288;2.3405419;-.25057990
1;0;.12617942;.0000000;7;1;-4.3253050;.78485417;2.3766458;-.40819190
1;0;.12625955;.0000000;7;3;-4.7216602;1.6882578;1.5975087;-.79404810
1;0;.12645014;.26799130E-02;7;2;-4.4737859;1.6786806;1.6992472;-.52265118
1;0;.12664754;.0000000;7;2;-4.4109123;1.5690884;1.6600766;-.44543066
1;0;.12685389;.0000000;7;3;-3.3381747;.80685525;2.2206214;-.50308406
1;0;.12691287;.0000000;7;3;-3.8939856;1.5658109;1.7491401;-.57483373
1;0;.12703920;.11778149E-02;7;4;-2.8908381;1.3703464;1.7772020;-1.1706799
1;0;.12706593;.0000000;7;1;-4.3507219;.58835616;2.4687753;-.50455984
1;0;.12731120;.0000000;7;2;-3.9007368;.91372895;2.3167900;-.51629033
1;0;.12750038;.0000000;7;2;-3.7693595;.83274601;2.3707691;-.64798860
1;0;.12768932;.0000000;7;2;-2.5427148;1.3110764;2.0005927;-1.0995460
1;0;.12766177;.99647747E-03;7;10;-2.0740880;1.0433340;2.0290143;-.74801482
1;0;.12767842;.0000000;7;1;-3.7166858;1.1775267;1.8046210;-.49128164
1;0;.12778857;.0000000;7;4;-4.2982491;1.4858741;1.7894617;-.37341039
1;0;.12784466;.15872020E-02;7;4;-5.1122297;1.6165551;1.6272629;-.27338696
1;0;.12806474;.0000000;7;1;-4.2056602;1.1250354;1.7953171;-.40653713
1;0;.12804559;.0000000;7;2;-8.5522591;1.1927428;1.3415671;.20815627
1;0;.12826545;.0000000;7;1;-6.0197565;.82397928;2.1453579;.41310661E-01
1;0;.12848000;.37306626E-02;7;11;-6.1812244;.46426375;2.5498244;-.45971474E-01
1;0;.12873121;.0000000;7;6;-6.3335829;.54871340;2.6257519;-.76900901
1;0;.12892498;.0000000;7;3;-6.0110914;.72518027E-01;2.5095104;-.42657238
1;0;.12893837;.0000000;7;1;-7.7131241;-.14853318;2.6540938;-.54518922
1;0;.12897735;.0000000;7;2;-8.5965319;-.59259394E-01;2.9554156;-.47557940
1;0;.12896959;.10059559E-01;7;7;-8.9008700;-.62830565E-01;2.9085815;-.59692527
1;0;.12912442;.0000000;7;3;-7.3910723;-.16519185;2.6434349;-.67337494E-02
1;0;.12931688;.0000000;7;3;-6.7073583;.31124064;2.7299868;-.71110422E-01
1;0;.12962863;.0000000;7;2;-6.4040829;.83896609;2.0486878;.10282999
1;0;.12964110;.0000000;7;3;-7.6032947;1.5387937;2.1216875;.20073378
1;0;.12981923;.57526394E-02;7;2;-7.6372693;2.0746147;1.6493148;.14076516
1;0;.12999132;.0000000;7;3;-6.6171789;1.5882634;2.1370074;-.37864928
1;0;.12980034;.0000000;7;18;-4.5143078;1.5343471;1.9676993;-.77262227
1;0;.13005203;.29823506E-02;7;2;-3.2881659;1.2954438;1.8669005;-.52924173
1;0;.13017738;.0000000;7;3;-3.4021048;1.5003855;1.7398336;-.71114796
1;0;.13013720;.0000000;7;2;-6.4738056;2.0222524;1.5403827;-.56459561
1;0;.13034811;.0000000;7;1;-6.4921870;1.8157306;1.3412334;-.45996698
1;0;.13039521;.19683724E-02;7;12;-3.4102064;1.4082649;1.6960899;-.84673148
1;0;.13060988;.0000000;7;1;-2.9798714;.74218824;2.2821674;-.64717294
1;0;.13081622;.0000000;7;2;-1.8000394;.89500860;2.0518397;-1.4211312
1;0;.13062946;.11351891E-02;7;10;-2.5525706;.67156492;2.2678885;-1.2031784
1;0;.13071836;.0000000;7;5;-2.1823839;.78207112;2.1438679;-1.3978457
1;0;.13065457;.0000000;7;9;-2.3129215;.77389139;2.0909809;-1.2173966
1;0;.13036770;.20571008E-02;7;20;-1.9291308;.81218776;2.2432064;-1.1997689
1;0;.13007314;.0000000;7;19;-2.2953371;.68255684;2.1955470;-1.0082365
1;0;.13011057;.0000000;7;4;-2.7333507;.70165645;2.1707519;-.72795487
1;0;.12996906;.30108596E-02;7;8;-4.1332235;.59122773;2.3481687;-.41334445
1;0;.13014825;.0000000;7;2;-4.0619260;.68727317;2.1441743;-.39186137
1;0;.13032788;.0000000;7;2;-3.5398734;.65231937;2.3076665;-.52957017
1;0;.13020542;.0000000;7;15;-1.7757308;1.2090017;1.8813802;-1.2804575
1;0;.12927533;.22496437E-02;7;54;-1.0379916;1.0759040;2.0098741;-1.1140890
1;0;.12897150;.0000000;7;14;-2.0616371;1.2332974;1.8466555;-.95896324
1;0;.12911175;.0000000;7;3;-3.8986521;1.1578305;2.1989720;-1.0565346
1;0;.12916113;.61012001E-02;7;10;-1.9374782;1.2624041;1.8731326;-1.2868113
1;0;.12919626;.0000000;7;5;-2.1674992;.79349391;2.0910180;-1.2703335
1;0;.12852251;.0000000;7;50;-1.5244294;.80792585;2.1645703;-1.2568750
1;0;.12851634;.46289607E-02;7;8;-1.2709971;.99512997;2.0020279;-1.3479049
1;0;.12823158;.0000000;7;20;-2.6630649;1.1007229;1.9872713;-1.7055317
1;0;.12831564;.0000000;7;5;-1.5039380;1.2052103;1.9256355;-1.3330843
1;0;.12835181;.46720205E-02;7;5;-1.9476634;1.0536178;1.9462442;-.85563264
1;0;.12840629;.0000000;7;4;-2.9390468;1.0781303;2.0111932;-.54766670
1;0;.12814854;.0000000;7;20;-3.0950527;.95213088;2.2113842;-.58506877
1;0;.12826063;.0000000;7;2;-3.4280754;.61754485;2.2439913;-.57153835
1;0;.12843162;.0000000;7;2;-1.5192403;1.1893606;1.9855837;-1.3849753
1;0;.12860241;.0000000;7;2;-1.2767155;1.1304873;1.9412957;-1.1159170
1;0;.12871215;.0000000;7;3;-3.1165411;1.2393342;1.7926489;-.65891534
1;0;.12881925;.25334835E-02;7;8;-2.3679878;1.0841265;2.0444301;-.68324719
1;0;.12868114;.0000000;7;11;-3.0910111;.60438172;2.3590776;-.98846595
1;0;.12882151;.0000000;7;3;-1.5179622;1.0191296;2.1104756;-.95363003
1;0;.12894031;.18739284E-02;7;19;-3.7525913;1.0544452;1.8078620;-.60768724
1;0;.12919639;.0000000;7;6;-2.9687995;1.0749773;1.8325008;-.84849314
1;0;.12911144;.0000000;7;15;-2.9148412;1.4546661;1.8472055;-1.0242746
1;0;.12912786;.0000000;7;2;-4.6027999;1.3864061;1.6555863;-1.0760562
1;0;.12922586;.29717930E-02;7;10;-4.3365934;1.5393160;1.6811685;-.43533838
1;0;.12936405;.0000000;7;3;-2.6094917;1.3967282;1.8392066;-1.1618998
1;0;.12953126;.0000000;7;2;-2.2288360;1.1525431;1.8775534;-.82761901
1;0;.12944265;.0000000;7;11;-1.8565376;1.2553992;1.8940598;-1.3242651
1;0;.12960364;.0000000;7;1;-2.0248898;1.2551541;1.8531894;-1.2425130
1;0;.12953720;.16325258E-02;7;10;-1.5338519;1.0341899;2.0969587;-1.4872818
1;0;.12929376;.0000000;7;21;-1.4314788;1.0473351;1.9493686;-1.1830952
1;0;.12926506;.0000000;7;5;-2.0942120;.83767282;2.2469178;-.92979668
1;0;.12931971;.25444783E-02;7;7;-2.0342417;.84218719;2.2454347;-.96582999
1;0;.12947623;.0000000;7;8;-1.4432910;1.0067639;2.0327567;-.93696259
1;0;.12958350;.0000000;7;5;-1.2997423;.93299209;2.0390288;-1.3146899
1;0;.12953874;.0000000;7;2;-4.1540436;1.1030647;1.7814538;-1.1276639
1;0;.12973200;.0000000;7;1;-3.7006322;1.2451095;1.8053313;-.46954465
1;0;.12992518;.0000000;7;1;-3.4068079;1.4838559;1.9017260;-.81085617
1;0;.12990636;.15746651E-02;7;10;-3.3976701;1.0277747;2.2640404;-.94281005
1;0;.13005038;.0000000;7;3;-2.3533118;.84311012;2.0137691;-.97381365
1;0;.13014891;.0000000;7;1;-2.9061779;1.4492682;1.7980971;-.82632889
1;0;.13034135;.0000000;7;1;-1.0406448;.91511821;2.1041294;-1.2953686
1;0;.13012990;.70792310E-03;7;10;-2.9594725;1.3823081;1.7802399;-1.1935897
1;0;.13026563;.0000000;7;3;-2.8172346;1.0425935;2.1634824;-1.4384312
1;0;.13027813;.0000000;7;6;-3.2640520;.98544028;2.2727637;-1.0284202
1;0;.13045275;.0000000;7;6;-2.3734817;1.0390919;1.8865097;-.99473077
1;0;.13053079;.0000000;7;1;-3.0965882;1.4425454;1.7649415;-.74660640
1;0;.13054269;.13217319E-02;7;13;-2.8610699;1.2832195;2.0437960;-.78420148
1;0;.13069178;.0000000;7;7;-3.0700778;1.4180103;1.8878293;-.69873480
1;0;.13071673;.0000000;7;11;-2.4934443;1.2936454;1.7908007;-1.0160628
1;0;.13086921;.0000000;7;2;-2.5430702;1.3257885;1.9749583;-1.1685622
1;0;.13102453;.0000000;7;3;-2.2225608;1.1746856;2.0688259;-.83978558
1;0;.13091681;.20918168E-02;7;16;-2.8516646;1.2144928;1.8861240;-1.5448685
1;0;.13102032;.0000000;7;4;-2.0475572;1.0225623;2.0230099;-1.6459748
1;0;.13107168;.0000000;7;7;-1.8094718;1.1934019;1.9624517;-1.4805960
1;0;.13102485;.36567720E-02;7;14;-1.4796498;1.1668653;1.9554409;-1.4317204
1;0;.13104411;.0000000;7;1;-2.9934231;1.2159176;1.7928186;-1.1859178
1;0;.13106954;.0000000;7;2;-3.9617529;.51454759;2.2502432;-1.0826527
1;0;.13115375;.10317525E-02;7;13;-3.3623209;.62875939;2.3433404;-.62717977
1;0;.13127022;.0000000;7;4;-3.6291151;1.4811532;1.8936330;-.61907926
1;0;.13131137;.0000000;7;1;-4.7611943;1.6350292;1.8927253;-.63967047
1;0;.13132666;.0000000;7;2;-5.9529510;1.8403726;1.6472925;-.16301550
1;0;.13158805;.0000000;7;3;-5.6583964;1.3238083;1.8159083;-.43910276E-01
1;0;.13180611;.0000000;7;3;-5.0229578;1.2645085;1.8184652;-.16777652
1;0;.13191887;.31630609E-02;7;4;-5.3653415;1.3828892;2.1758756;-.45278861
1;0;.13210527;.0000000;7;1;-5.3375580;1.0769486;1.8200550;-.13816771
1;0;.13230010;.0000000;7;4;-4.1745489;1.5734777;1.8129120;-.49883000
1;0;.13219660;.0000000;7;6;-6.9725502;2.0368609;1.4960681;-.66820011
1;0;.13238694;.30084831E-02;7;2;-6.0600431;1.4267081;1.6373681;-.27277053E-01
1;0;.13257272;.0000000;7;1;-4.4285574;1.1015654;2.0075595;-.24666436
1;0;.13273346;.0000000;7;2;-3.6175078;1.4010016;2.0170771;-.83577616
1;0;.13291237;.0000000;7;3;-2.2603965;1.1827880;2.0471729;-1.4175756
1;0;.13269743;.73873387E-03;7;17;-2.0688427;1.2588036;1.8425809;-.96816311
1;0;.13272215;.0000000;7;1;-3.4602078;.77770325;2.3293339;-.57938814
1;0;.13273516;.0000000;7;11;-2.7119706;.67624266;2.3028570;-.80121967
1;0;.13277808;.0000000;7;4;-3.3061782;.78040856;2.3140256;-.60032940
1;0;.13268922;.30232549E-02;7;11;-3.7061440;.45984342;2.3504025;-.82280146
1;0;.13283969;.0000000;7;3;-2.1124362;.79300180;2.1893962;-.82465670
1;0;.13274186;.0000000;7;23;-1.1037855;1.0537288;2.0861471;-1.2690036
1;0;.13268616;.0000000;7;5;-2.0824628;1.0812979;2.1506230;-1.1109705
1;0;.13284078;.22285107E-02;7;2;-1.8140417;.90431100;2.1179795;-1.5584669
1;0;.13299568;.0000000;7;2;-1.2861207;.94798491;2.0524458;-1.4314925
1;0;.13306396;.0000000;7;5;-1.2999651;.89928795;2.1421755;-1.3886909
1;0;.13269289;.0000000;7;15;-2.8070536;1.0146422;1.9979197;-1.6873332
1;0;.13276386;.28863768E-02;7;5;-2.7984109;1.1193126;2.1218486;-1.4064632
1;0;.13291749;.0000000;7;2;-1.8855205;1.2116714;2.0211243;-.94865392
1;0;.13309881;.0000000;7;1;-1.4096079;1.1728013;2.0002740;-1.3655916
1;0;.13233254;.83419695E-03;7;42;-1.3847904;1.2154219;1.9581410;-1.1588883
1;0;.13227758;.0000000;7;8;-1.8374814;1.2998063;1.9056773;-1.0924646
1;0;.13222618;.0000000;7;2;-6.0061236;1.4079940;2.2150838;-.36798893
1;0;.13222168;.0000000;7;1;-8.2089979;1.1591021;2.5672483;.12535860
1;0;.13233693;.31630921E-02;7;2;-8.4141452;.99086039;2.0376850;.46770304
1;0;.13247928;.0000000;7;1;-8.6113511;1.0994258;1.7916670;.48177980
1;0;.13265855;.0000000;7;1;-6.9295993;1.1732644;2.2501641;.13905123
1;0;.13283776;.0000000;7;1;-6.8603404;1.3115566;2.2809843;.17023972E-01
1;0;.13299334;.0000000;7;1;-6.9813734;1.6592542;1.8297264;.14475440
1;0;.13297525;.0000000;7;1;-10.073095;1.2211416;1.6505423;.72758414
1;0;.13313078;.0000000;7;1;-10.193924;1.3608143;1.1842124;.61564741
1;0;.13325263;.51913691E-02;7;6;-10.406605;.91962467;1.4249679;.67735346
1;0;.13334697;.0000000;7;1;-10.932930;.87492974;1.2279090;.65956956
1;0;.13352562;.0000000;7;1;-10.386110;1.1587766;1.1573102;.56709442
1;0;.13367665;.0000000;7;2;-10.152255;.52843136;1.4649285;.33051904
1;0;.13382756;.0000000;7;2;-8.5088824;.99961211;1.6365749;.39326428
1;0;.13400593;.0000000;7;1;-7.5478410;.51793204;2.0046614;.21184285
1;0;.13406769;.0000000;7;1;-8.3826224;.59892104;1.9196792;.38016787
1;0;.13416430;.0000000;7;1;-8.8878539;.55459584;1.9473568;.48039249
1;0;.13434169;.37952435E-02;7;2;-6.2602063;.86230951;2.5566814;-.31915602
1;0;.13434092;.0000000;7;2;-7.6520054;.89681937;2.6736683;-.17927059
1;0;.13438486;.0000000;7;1;-8.7075165;1.0196164;2.4398237;.45081223
1;0;.13452818;.0000000;7;1;-8.8920063;.82208904;2.3654212;.53071399
1;0;.13476275;.0000000;7;4;-8.2369657;-.17519631;2.7929801;.25636006
1;0;.13493316;.66845241E-02;7;7;-7.5501571;-.89399263E-01;2.6550388;.11873290
1;0;.13513750;.0000000;7;3;-6.9659644;.32746495E-01;2.5964476;.21803418E-01
1;0;.13514371;.0000000;7;7;-7.4254301;-.11452188;2.7430149;.46457278E-01
1;0;.13525790;.0000000;7;5;-7.3805757;-.17153834;2.7168626;-.41051790
1;0;.13531063;.0000000;7;1;-8.3141057;-.33690666;2.8558035;.18840990
1;0;.13544853;.0000000;7;3;-8.2219218;-.19278072;2.9128614;-.42131331
1;0;.13564327;.13030876E-01;7;4;-8.2902081;-.29318908;2.8703846;-.38969021
1;0;.13574941;.0000000;7;4;-8.0734645;.25897877;2.2735736;-1.0180556
1;0;.13591647;.0000000;7;3;-7.6760273;-.18265647;2.7506605;-.46633836
1;0;.13609259;.0000000;7;1;-7.5053866;.57964131;2.2945425;.28859695
1;0;.13608545;.42714460E-02;7;2;-8.9451519;1.2329332;2.6356413;.14792675
1;0;.13623560;.0000000;7;2;-7.2571216;1.8378537;1.8431564;.11054567
1;0;.13638443;.0000000;7;2;-7.1244299;1.5907381;1.3772532;.39935764E-01
1;0;.13656022;.0000000;7;1;-5.9315318;1.5962758;1.4325883;-.32808195
1;0;.13673593;.0000000;7;1;-5.6996101;1.5985303;1.5883241;-.13924768
1;0;.13691157;.0000000;7;1;-4.5885645;.93090491;1.8626005;-.35989184
1;0;.13718792;.24536129E-02;7;6;-4.1484098;.99131188;1.8679458;-.41314412
1;0;.13736322;.0000000;7;1;-3.9941183;1.6157454;1.7601066;-.65336599
1;0;.13745105;.0000000;7;2;-4.9802152;1.7626618;1.7424138;-.59320843
1;0;.13762619;.0000000;7;1;-4.6570954;1.6314338;1.5967884;-.47595160
1;0;.13778093;.0000000;7;2;-3.8503359;1.2618588;1.8490893;-.40180094
1;0;.13787795;.10130229E-02;7;14;-3.4328348;1.3482293;1.7196036;-.68202880
1;0;.13799655;.0000000;7;3;-2.7221148;.69377046;2.3161000;-.82119436
1;0;.13811585;.0000000;7;3;-2.7373152;.72284460;2.2537827;-.70025324
1;0;.13806256;.0000000;7;7;-3.1480117;1.1118805;2.0608625;-.51932644
1;0;.13812501;.14113856E-02;7;5;-1.2497032;1.1727354;1.9832652;-1.1198722
1;0;.13821677;.0000000;7;2;-1.5816153;1.0454149;2.0913901;-.92232222
1;0;.13817381;.0000000;7;3;-4.3852219;.42527134;2.2524098;-.81519467
1;0;.13831152;.0000000;7;3;-3.3771101;.90583136;2.2519115;-.54081031
1;0;.13849497;.61482646E-03;7;2;-3.7044599;1.1012780;2.1659434;-.47493031
1;0;.13851277;.0000000;7;1;-5.1873024;1.0298423;2.0457721;-.10220948
1;0;.13868607;.0000000;7;1;-3.3247627;1.3872413;1.9804732;-.68987816
1;0;.13879015;.0000000;7;2;-3.6913295;1.4292726;1.6808672;-.96975585
1;0;.13885164;.0000000;7;5;-3.1508952;1.0151540;1.8859546;-1.2714262
1;0;.13877211;.78135689E-03;7;16;-2.9389315;.80396977;2.3062283;-.72343179
1;0;.13884590;.0000000;7;6;-2.6640637;1.0230789;2.1030913;-.62046481
1;0;.13885095;.0000000;7;4;-4.3373448;1.5679946;1.6772628;-.45351953
1;0;.13902301;.0000000;7;1;-3.3565042;.76994325;2.0105996;-.69700179
1;0;.13909917;.24093177E-02;7;11;-3.0526260;.66750372;2.3330120;-1.1748470
1;0;.13916362;.0000000;7;5;-2.0025029;.91990539;2.2215321;-.98405043
1;0;.13910710;.0000000;7;11;-1.4510409;1.1875646;1.9240175;-1.3250718
1;0;.13898162;.0000000;7;15;-2.9215351;1.1173868;1.8879568;-.61722254
1;0;.13890353;.0000000;7;3;-6.7242747;.42734864;2.0208865;-.62736396
1;0;.13890922;.17351917E-02;7;7;-3.9027333;.72360562;2.1648027;-1.5396344
1;0;.13901718;.0000000;7;2;-4.0995499;.64118631;2.0497161;-.62561936
1;0;.13911071;.0000000;7;4;-1.6506430;1.1161552;2.0742607;-.96583511
1;0;.13926133;.91578196E-03;7;9;-1.9395856;1.2119981;1.9796191;-.85626260
1;0;.13935507;.0000000;7;4;-1.7246822;.85816482;2.2155403;-1.0296897
1;0;.13926876;.0000000;7;13;-1.9379473;.99791407;1.9457214;-1.2484248
1;0;.13926415;.0000000;7;2;-3.4742228;.80597593;2.3285921;-1.2201677
1;0;.13927036;.0000000;7;1;-5.2411565;.64348073;2.0751253;-.19315294
1;0;.13943156;.0000000;7;1;-5.2817153;.96287800;2.0055978;-.93926163E-01
1;0;.13952434;.0000000;7;3;-5.4903679;1.3106009;1.8229567;-.74440070E-01
1;0;.13966598;.0000000;7;2;-4.8696736;1.2903801;1.6251870;-.43777263
1;0;.13936810;.20748864E-02;7;19;-2.7856341;1.3437129;1.7643942;-1.0505881
1;0;.13951199;.0000000;7;3;-1.6487310;.90486749;2.0275279;-1.0366087
1;0;.13965910;.0000000;7;3;-1.7240667;1.2155388;1.9635281;-1.4056548
1;0;.13982701;.14605382E-02;7;1;-1.7141915;.92456306;2.2031917;-1.1307561
1;0;.13981318;.0000000;7;2;-3.2805750;.56919511;2.2106287;-.78792617
1;0;.13985261;.0000000;7;6;-3.4342496;1.2192012;2.1473500;-.76386207
1;0;.14002019;.0000000;7;1;-3.0077207;1.3851646;1.9599178;-.78059006
1;0;.14009358;.67856627E-03;7;9;-3.1254384;.67554958;2.2751888;-.61948362
1;0;.14009126;.0000000;7;3;-4.1540417;.93921543;2.3602525;-.78293898
1;0;.14015191;.0000000;7;5;-4.0220569;1.4852369;1.7667730;-.45062213
1;0;.14014235;.0000000;7;9;-3.9420227;1.1479574;2.0658199;-.36446387
1;0;.14014134;.14599414E-02;7;1;-5.9448931;1.7038206;1.9047847;-.19518827
1;0;.14030795;.0000000;7;1;-5.3207511;1.6704928;1.8159134;-.25634629
1;0;.14045251;.0000000;7;3;-3.2918778;1.4357580;1.7844940;-1.2154129
1;0;.14045112;.0000000;7;12;-1.4463716;1.1437437;2.0538839;-1.1109048
1;0;.14049371;.0000000;7;1;-2.4654191;1.2160978;1.8115933;-.92878439
1;0;.14051070;.12706297E-02;7;7;-2.3021785;.81771928;2.0387565;-1.0997839
1;0;.14057400;.0000000;7;1;-3.0598684;.65962438;2.3340219;-1.1678258
1;0;.14067146;.0000000;7;1;-3.4968672;.66966109;2.0811927;-.69676728
1;0;.14056479;.0000000;7;4;-8.2002332;.43590286;2.3876509;-1.4357928
1;0;.14073035;.0000000;7;1;-6.9214060;1.0244013;2.5260624;-.41592534
1;0;.14077488;.0000000;7;1;-7.9104140;.66734125;2.6814344;.22564480
1;0;.14091321;.0000000;7;2;-6.8026289;.63132000;2.6419258;-.21229977E-01
1;0;.14105718;.27850790E-02;7;3;-6.3253206;.88568995;2.5430561;-.23804747
1;0;.14122243;.0000000;7;1;-5.8686726;1.0442243;2.4229093;-.60807250
1;0;.14137055;.0000000;7;2;-5.3660240;.22466083;2.5032915;-.73092929
1;0;.14153564;.0000000;7;1;-5.3242363;1.0672709;2.3738463;-.63954618
1;0;.14166220;.0000000;7;3;-5.3193930;1.3651900;1.6788202;-.17315905
1;0;.14157827;.26975636E-02;7;6;-6.3059987;1.9724206;1.6292854;-.58318888
1;0;.14172175;.0000000;7;3;-5.4075122;1.4972888;1.7720916;-.12485336
1;0;.14187681;.0000000;7;3;-2.7691957;1.2040460;1.9774134;-.61493434
1;0;.14185608;.0000000;7;3;-3.9375025;.91460912;2.2368504;-.39261674
1;0;.14188854;.13651758E-02;7;2;-4.7308356;.47268028;2.1408407;-.61565836
1;0;.14190365;.0000000;7;10;-3.5312635;1.0354535;1.8408463;-1.1434543
1;0;.14202069;.0000000;7;3;-2.7046764;1.2668258;1.7775245;-.94680539
1;0;.14195816;.13176595E-02;7;19;-2.4817338;1.3974944;1.8471201;-1.0747266
1;0;.14170861;.0000000;7;24;-2.0279835;1.3014247;1.9105030;-1.2738187
1;0;.14176737;.0000000;7;6;-.99336258;.98198889;2.0389045;-1.3233446
1;0;.14127484;.28514306E-02;7;27;-1.9841666;.98153967;2.1447880;-.82102230
1;0;.14118645;.0000000;7;6;-4.4053368;.59626261;2.2492729;-.33021572
1;0;.14134797;.0000000;7;1;-3.9052848;.51341767;2.3830982;-.54765341
1;0;.14129294;.22786806E-02;7;17;-2.0640420;.92784341;2.2200163;-.95048362
1;0;.14145502;.0000000;7;2;-2.9072951;1.0376972;2.1753076;-.64648073
1;0;.14151007;.0000000;7;6;-4.3795613;.86830705;2.4086184;-.64873869
1;0;.14152290;.0000000;7;1;-5.9401225;.50214006;2.6179066;-.75797815
1;0;.14166553;.0000000;7;5;-4.7793171;.63247885;1.9964598;-.53794317
1;0;.14182600;.0000000;7;1;-1.8980874;1.2934530;1.9443580;-1.1434014
1;0;.14121785;.10328100E-02;7;37;-.94178878;.99134884;2.0724245;-1.3742756
1;0;.14122347;.0000000;7;4;-1.4864511;1.0553820;1.9477321;-1.0642175
1;0;.14124529;.0000000;7;3;-2.1831666;1.1555415;1.8481721;-1.0472830
1;0;.14136279;.0000000;7;4;-1.9744858;1.0853296;1.8916948;-1.0435173
1;0;.14135303;.0000000;7;2;-3.4440381;1.2027131;1.8272727;-1.4275710
1;0;.14137456;.29275728E-02;7;3;-4.0642822;1.0953613;1.7721379;-1.0243744
1;0;.14134199;.0000000;7;3;-5.4585517;.52622654;2.0620106;-.83719846
1;0;.14144861;.0000000;7;3;-2.3653692;.91566818;2.1024822;-.68778301
1;0;.14132982;.71287703E-03;7;17;-3.7371071;1.4495083;1.9761258;-.71063047
1;0;.14146305;.0000000;7;4;-3.5887671;1.2857432;1.7237836;-.64444444
1;0;.14145585;.0000000;7;10;-3.9046123;.81338736;2.2528845;-.39184218
1;0;.14147048;.0000000;7;7;-3.9947195;.48035042;2.4471219;-.85890998
1;0;.14138923;.23817632E-02;7;10;-4.5386498;.42424191;2.4727040;-.92160441
1;0;.14140989;.0000000;7;4;-5.0920727;.34000758;2.3202347;-.35067897
1;0;.14135940;.0000000;7;3;-8.3290692;.25233400;1.9749842;.19184392
1;0;.14144627;.0000000;7;6;-5.3088069;.88951564;2.0687575;-.88148884E-01
1;0;.14143979;.18865048E-02;7;3;-6.3247710;1.4762670;2.1863115;-.50730341
1;0;.14140068;.0000000;7;2;-9.0089885;1.7041765;1.7351318;.53747159
1;0;.14136047;.0000000;7;2;-11.801830;1.7848521;1.9681290;1.0129956
1;0;.14141374;.0000000;7;1;-12.638634;1.1985297;2.1019301;1.1810984
1;0;.14157047;.0000000;7;1;-9.1797384;1.4485553;2.0340997;.57200407
1;0;.14162387;.0000000;7;5;-6.5434416;1.2861399;2.3481475;-.31903434
1;0;.14183662;.62287770E-02;7;3;-4.3366905;1.1755103;2.2408755;-.63853278
1;0;.14195630;.0000000;7;3;-2.8081278;.99699528;2.2446899;-.91005148
1;0;.14198882;.0000000;7;1;-3.9460725;.54297706;2.3263792;-.48208003
1;0;.14194838;.0000000;7;5;-5.4289920;.93615909;1.7638418;-.30602115
1;0;.14213119;.51704474E-03;7;6;-3.6600510;1.0174033;2.0471831;-.39483921
1;0;.14213593;.0000000;7;13;-3.0179353;.83213792;2.3284971;-.86961978
1;0;.14209785;.0000000;7;4;-4.4844220;.96724350;1.8642929;-.35098688
1;0;.14222753;.11632017E-02;7;2;-3.9936963;1.2212528;2.1723782;-.58367437
1;0;.14238289;.0000000;7;1;-3.7747108;1.3255026;1.9824432;-.45487843
1;0;.14237695;.0000000;7;2;-5.3751419;1.5924753;2.0044815;-.46221856
1;0;.14249626;.0000000;7;3;-5.3679075;1.7126055;1.6401976;-.24007066
1;0;.14271895;.0000000;7;5;-5.3043374;1.4800558;1.6362850;-.19914877
1;0;.14263149;.17163888E-02;7;12;-3.8796118;1.3868064;1.7640482;-1.3339007
1;0;.14238806;.0000000;7;17;-1.5982821;.92335022;2.0247266;-1.3312956
1;0;.14241187;.0000000;7;1;-2.8900918;.96037323;1.9753627;-.61554966
1;0;.14237235;.27229682E-02;7;7;-4.1867454;.55140473;2.3072206;-.40652926
1;0;.14247096;.0000000;7;4;-3.4749121;.75756618;2.2269980;-.48121450
1;0;.14240586;.0000000;7;8;-3.8070079;.52596304;2.4412024;-.77354896
1;0;.14228482;.0000000;7;6;-6.2822614;.30786443;2.2346611;-.84402630
1;0;.14231086;.0000000;7;1;-7.5277208;.24777812E-01;2.2632808;-.34318464
1;0;.14237904;.0000000;7;1;-8.1753469;.65961577;1.6882826;-.34887868
1;0;.14250704;.0000000;7;2;-5.6017417;.83334390;1.8093130;-.75023811
1;0;.14266041;.0000000;7;1;-2.9609532;1.2464289;2.0899531;-1.0606378
1;0;.14243819;.13481612E-02;7;17;-2.1977915;1.2349303;1.8893809;-1.4334159
1;0;.14247090;.0000000;7;1;-3.3190313;1.1224828;1.7860972;-.91160147
1;0;.14259939;.0000000;7;2;-2.0859708;1.0544599;1.9603841;-.78726166
1;0;.14262712;.0000000;7;3;-5.0478492;1.0349360;1.8822014;-.17155646
1;0;.14275439;.20961001E-02;7;2;-4.9744004;.37432850;2.5596747;-.48245268
1;0;.14283095;.0000000;7;5;-5.0818323;1.0071531;2.3789076;-.77206898
1;0;.14298341;.0000000;7;1;-4.9429300;.60365193;2.4743211;-1.0543862
1;0;.14313583;.0000000;7;1;-3.8026784;1.2781829;1.7263454;-1.1181297
1;0;.14320814;.0000000;7;1;-4.4008464;1.3334878;1.6914713;-1.1438143
1;0;.14328404;.95455960E-03;7;4;-4.3745874;1.5460430;1.7625861;-1.1916701
1;0;.14324127;.0000000;7;10;-2.8196440;1.3655112;1.7933624;-1.2116264
1;0;.14314972;.0000000;7;11;-2.4259634;1.3141303;1.9860096;-1.1112948
1;0;.14321004;.0000000;7;1;-3.1517410;1.1207050;2.0975400;-1.5574542
1;0;.14336165;.0000000;7;1;-2.3030534;1.0825814;2.0924278;-.73305443
1;0;.14335584;.13253000E-02;7;12;-1.9111260;1.1850768;1.9053035;-1.4262909
1;0;.14336696;.0000000;7;7;-1.8392979;.84085105;2.1044597;-1.4171967
1;0;.14330760;.0000000;7;10;-1.9411987;.93990416;2.0225823;-1.4834405
1;0;.14341039;.0000000;7;3;-1.6551404;1.0848571;2.0837317;-.92911016
1;0;.14350811;.0000000;7;2;-2.1133247;.93130380;2.0294865;-.78700526
1;0;.14361390;.22405781E-02;7;3;-1.8338663;1.1135837;2.0412239;-.84074861
1;0;.14363444;.0000000;7;4;-4.2851797;1.1966672;1.7227513;-1.0513066
1;0;.14368392;.0000000;7;5;-3.7146767;1.4437682;1.9669014;-.99137529
1;0;.14370805;.0000000;7;7;-3.5704166;1.5608125;1.7531700;-.76387382
1;0;.14378710;.0000000;7;4;-2.2086419;.69153805;2.2173148;-.97640964
1;0;.14381113;.11371130E-02;7;6;-1.4931434;1.1136933;1.9538609;-1.4487161
1;0;.14396095;.0000000;7;1;-1.3145942;1.1891333;1.9803733;-1.2838904
1;0;.14395765;.0000000;7;5;-2.3689685;1.0303560;1.9301021;-.77451134
1;0;.14402074;.57779076E-03;7;5;-3.0534025;.61775074;2.2111498;-1.1530082
1;0;.14400209;.0000000;7;8;-2.9534470;.73366687;2.0869499;-1.2067239
1;0;.14405802;.0000000;7;1;-3.7197691;.84326656;1.9969768;-1.3754354
1;0;.14413211;.74054390E-03;7;4;-2.9693930;.68137253;2.1825699;-1.3152473
1;0;.14416016;.0000000;7;2;-3.8018518;1.0811255;2.2232899;-1.1774913
1;0;.14428135;.0000000;7;3;-2.2893987;1.1079222;1.9069853;-.77514384
1;0;.14382464;.55416349E-03;7;49;-2.2938717;1.2421788;1.8173666;-1.0945731
1;0;.14393538;.0000000;7;3;-2.1955417;1.2448543;1.8491901;-.87148358
1;0;.14385098;.0000000;7;7;-2.9172274;.96804852;2.0170122;-1.6745475
1;0;.14380383;.0000000;7;2;-7.1815540;.46015684;2.3939918;-1.3958949
1;0;.14373271;.25986233E-02;7;11;-5.7542918;.50888775;2.3057440;-1.3731965
1;0;.14385648;.0000000;7;3;-5.3980443;.39251421;2.4551291;-1.0874277
1;0;.14399167;.0000000;7;2;-5.0099056;.32518590;2.2799515;-.55336658
1;0;.14411866;.0000000;7;2;-4.6997429;.95773193;1.8897715;-.27458055
1;0;.14409718;.0000000;7;2;-6.5308682;.97518357;2.4066692;-1.0052260
1;0;.14423002;.0000000;7;2;-5.8934626;1.7728033;1.8732514;-.32317870
1;0;.14427710;.24615474E-02;7;7;-2.8398414;1.0346472;1.8616028;-.86156550
1;0;.14442915;.0000000;7;9;-2.5749079;.86697255;2.2381111;-.72848415
1;0;.14440024;.0000000;7;19;-3.1219839;1.1507297;1.9948370;-.51802982
1;0;.14430585;.19142384E-02;7;16;-1.3961465;1.1688429;1.9280496;-1.0701113
1;0;.14429957;.0000000;7;1;-3.6273163;.94259633;1.8987863;-1.2011141
1;0;.14430167;.0000000;7;7;-2.1957480;1.2882981;1.9835034;-.93558715
1;0;.14443678;.0000000;7;1;-2.2581009;1.2002136;1.8537743;-.84796934
1;0;.14443448;.14066995E-02;7;7;-2.3321147;1.3635751;1.8247877;-.99998494
1;0;.14448185;.0000000;7;5;-1.9689508;1.2006264;1.9344326;-1.4923465
1;0;.14442789;.0000000;7;8;-2.7484282;1.1991750;2.1099410;-.84069526
1;0;.14456784;.0000000;7;3;-1.2324591;1.1056790;2.0132923;-1.0311666
1;0;.14431561;.11156534E-02;7;12;-4.4271247;.66671432;2.0790398;-1.2133082
1;0;.14435210;.0000000;7;7;-1.5495475;1.0242695;1.9663685;-1.0067542
1;0;.14435921;.0000000;7;13;-1.3145871;1.1402504;1.9464720;-1.0651812
1;0;.14413671;.18995019E-02;7;13;-4.5909268;1.2424888;1.9946545;-1.6859328
1;0;.14397301;.0000000;7;19;-3.0592996;.57918465;2.2773030;-1.0815403
1;0;.14408044;.0000000;7;2;-3.1320520;.67804399;2.2486602;-1.3784533
1;0;.14404432;.12511160E-02;7;5;-4.1438550;1.1460702;1.7236591;-.83368071
1;0;.14396598;.0000000;7;10;-7.1813681;1.1182640;1.6038053;-.84386730
1;0;.14267594;.0000000;7;87;-1.2442450;1.1001085;2.0018768;-1.0216068
1;0;.14274914;.0000000;7;2;-1.5586497;.92249773;2.0185099;-1.0806645
1;0;.14270549;.66155385E-02;7;10;-1.2132415;.94455765;2.1433566;-1.1270154
1;0;.14275093;.0000000;7;1;-2.0820413;.80059717;2.1094824;-.86867059
1;0;.14289167;.0000000;7;1;-1.9316237;1.1426749;2.0232502;-.82059424
1;0;.14279664;.72481820E-03;7;14;-2.2620710;1.1288022;1.9633056;-.71941564
1;0;.14286837;.0000000;7;6;-4.1200441;1.3115660;1.9866816;-.36569065
1;0;.14288115;.0000000;7;2;-5.8967680;1.9239419;1.6700036;-.47763667
1;0;.14297457;.0000000;7;3;-4.1819812;1.6570715;1.6974841;-.68064269
1;0;.14309129;.0000000;7;2;-2.0122856;.99688769;2.1912437;-1.0142428
1;0;.14306846;.15174732E-02;7;8;-1.0842564;1.0380643;2.0930082;-1.2788416
1;0;.14312120;.0000000;7;2;-2.9765517;1.2560260;2.0846047;-.81715129
1;0;.14326100;.0000000;7;1;-2.4922251;1.3024098;2.0051408;-1.1016032
1;0;.14280077;.63480034E-03;7;34;-.92305525;1.0794693;2.0149614;-1.3170866
1;0;.14284890;.0000000;7;2;-1.4637427;.90934116;2.0480279;-1.3412874
1;0;.14259815;.0000000;7;16;-3.2301930;1.1197354;1.9504125;-1.7153823
1;0;.14253519;.0000000;7;5;-4.3853796;1.0137838;1.9760639;-1.7760658
1;0;.14265826;.0000000;7;4;-2.3286555;.89258205;2.2028555;-1.4667500
1;0;.14270751;.41760470E-02;7;5;-1.0007020;1.0396484;2.0081153;-1.1634310
1;0;.14281288;.0000000;7;7;-1.1378038;1.0456704;2.0532517;-1.4622949
1;0;.14288113;.0000000;7;2;-2.4409923;.87386608;2.2059397;-.72268371
1;0;.14290867;.0000000;7;1;-3.6000934;1.0240202;1.8155539;-.82906544
1;0;.14291610;.0000000;7;10;-3.1631374;1.1169164;1.8572061;-1.3845162
1;0;.14292596;.11952027E-02;7;2;-4.2458074;1.6423374;1.6979136;-.89337054
1;0;.14291955;.0000000;7;1;-6.5180409;1.5862897;1.6620239;.73385661E-01
1;0;.14292851;.0000000;7;1;-8.1343374;1.8553379;2.0841489;.75891928E-01
1;0;.14301686;.0000000;7;2;-8.3143154;1.4510488;2.3734235;-.36186051
1;0;.14304535;.0000000;7;1;-9.4528896;1.2135290;2.6075416;-.32481715
1;0;.14316005;.0000000;7;2;-7.8122445;1.5011381;2.2860973;-.43434526
1;0;.14327552;.0000000;7;2;-6.5250762;.93399181;2.5340409;-.50599735
1;0;.14332615;.20477919E-02;7;2;-7.3986765;.73323536;2.7034829;-.39212681
1;0;.14348435;.0000000;7;3;-6.5437836;1.0117551;2.4393469;-.42887245E-01
1;0;.14362179;.0000000;7;1;-5.5440462;1.1850643;2.3009793;-.29630506
1;0;.14375919;.0000000;7;1;-5.0023565;.83149842;1.9367586;-.23923421
1;0;.14386282;.0000000;7;5;-3.5246975;1.1787651;1.7703480;-.63067903
1;0;.14390401;.10597164E-02;7;9;-2.8137435;1.0650208;2.0535573;-.57712452
1;0;.14399830;.0000000;7;1;-3.1243261;1.0402828;2.2415418;-.95134140
1;0;.14399535;.0000000;7;3;-5.1569772;.87674081;1.8249880;-.88159075
1;0;.14413227;.60456550E-03;7;1;-4.2907169;1.3486359;2.1065551;-.87038859
1;0;.14428765;.0000000;7;3;-3.4665213;.61767990;2.1442087;-.67658480
1;0;.14443774;.0000000;7;2;-3.0837124;.73935367;2.0540444;-1.0857793
1;0;.14449982;.0000000;7;5;-2.6370810;1.0163972;2.1546330;-1.5140696
1;0;.14416928;.61928543E-03;7;26;-1.6449287;.99599601;2.0814317;-1.5863321
1;0;.14411927;.0000000;7;6;-4.1742751;.66760311;2.3671133;-1.2874330
1;0;.14421258;.0000000;7;3;-3.5984335;.70084437;2.1857997;-1.4755249
1;0;.14430660;.21065158E-02;7;4;-3.2239885;.57440806;2.2168614;-1.0028156
1;0;.14437603;.0000000;7;5;-2.3086923;1.1700074;1.9614961;-.71515452
1;0;.14439170;.0000000;7;1;-3.7225296;1.2350309;2.1592931;-.77500719
1;0;.14442424;.0000000;7;2;-4.5688253;.94038332;2.0462488;-.22427330
1;0;.14440583;.49438438E-03;7;4;-6.0533573;.86850158;1.7753537;-.15481319
1;0;.14454134;.0000000;7;1;-5.5928602;.70960226;1.8773658;-.64425987
1;0;.14463159;.0000000;7;3;-4.6932894;.77756295;1.9821095;-1.2368419
1;0;.14474091;.0000000;7;1;-4.8732277;.64956342;2.5177880;-.74900778
1;0;.14482084;.0000000;7;1;-5.3042752;.63791667;2.3351553;-1.4822615
1;0;.14464361;.76788740E-03;7;17;-5.5240016;1.0528281;1.8692012;-1.5703749
1;0;.14467676;.0000000;7;6;-3.0010951;.75196528;2.0710852;-1.2284966
1;0;.14476757;.0000000;7;1;-3.3286298;.54016326;2.3189156;-1.0404291
1;0;.14461935;.16094855E-02;7;25;-2.0792186;1.0046142;2.1230959;-.77834420
1;0;.14459779;.0000000;7;2;-3.9635718;1.1235032;1.7494227;-.63598470
1;0;.14443553;.0000000;7;17;-2.0221264;1.3232267;1.8615526;-1.0607545
1;0;.14443766;.0000000;7;1;-3.8669760;1.2202620;2.0401268;-1.5638979
1;0;.14456348;.0000000;7;2;-4.0301138;1.0645557;1.8564076;-.40607290
1;0;.14454876;.0000000;7;1;-7.0155738;1.7767008;1.3670425;.30663454E-01
1;0;.14466544;.0000000;7;1;-7.1316990;2.0509850;1.6538403;-.56241927
1;0;.14471755;.0000000;7;2;-7.6057281;2.0138396;1.4234616;-.76793888
1;0;.14479040;.21258641E-02;7;4;-3.6479427;1.4155133;1.7151935;-.58925198
1;0;.14488365;.0000000;7;3;-3.3240174;.52704410;2.3470499;-.80339444
1;0;.14491166;.0000000;7;3;-4.3213827;.55178980;2.1111787;-.59615564
1;0;.14504962;.84903833E-03;7;4;-5.0527437;.39550028;2.2010948;-.73330878
1;0;.14518302;.0000000;7;1;-4.3224251;.69173964;2.4118330;-.42668164
1;0;.14531638;.0000000;7;1;-3.7740070;1.1308947;2.2317699;-.79560853
1;0;.14525157;.0000000;7;4;-5.7184941;.62497606;1.9175985;-.49670049
1;0;.14538481;.0000000;7;1;-5.6587807;1.3504418;1.6309170;-1.1084001
1;0;.14538114;.0000000;7;1;-7.7639792;1.2343471;2.0601167;-1.7507494
1;0;.14544754;.68276126E-03;7;4;-4.4401544;1.1247244;2.1398722;-1.5281729
1;0;.14544732;.0000000;7;13;-4.5788183;.52412119;2.2487822;-1.2265474
1;0;.14553336;.0000000;7;6;-2.5916796;.64563246;2.2937763;-1.0696638
1;0;.14570751;.0000000;7;2;-1.6509282;.96840604;2.1187746;-.88723237
1;0;.14579370;.0000000;7;1;-2.0062219;.97011064;1.9826892;-.85762850
1;0;.14576562;.18163451E-02;7;2;-5.6395817;1.2111105;1.6758881;-.14792765
1;0;.14588379;.0000000;7;2;-3.8321186;1.1838232;1.9696452;-.37324725
1;0;.14601208;.0000000;7;1;-3.8595556;.84194429;2.0694019;-.38769636
1;0;.14599570;.0000000;7;6;-4.3070432;.51100855;2.3016341;-.40375109
1;0;.14616273;.60195403E-03;7;5;-2.6308608;.97803754;2.0937893;-.61725850
1;0;.14604215;.0000000;7;13;-2.4061310;1.0193316;1.9191333;-.80818053
1;0;.14611755;.0000000;7;1;-2.8618138;.65304231;2.2749730;-.72501441
1;0;.14615564;.0000000;7;1;-3.7965482;.56601294;2.4200404;-.62147989
1;0;.14616313;.0000000;7;1;-5.4329843;.74475936;2.4877960;-.25166665
1;0;.14633972;.0000000;7;2;-4.5979370;.52783304;2.5031081;-.47762545
1;0;.14645210;.0000000;7;2;-4.2431994;.99661642;2.0468840;-.28080893
1;0;.14654004;.10759457E-02;7;3;-3.9447442;1.1810436;1.7544138;-.51951649
1;0;.14655170;.0000000;7;2;-4.9426023;1.6214598;1.9304838;-.58139178
1;0;.14660204;.0000000;7;5;-2.0758711;1.1839656;1.9898878;-.79086380
1;0;.14658356;.51226023E-03;7;5;-3.0597949;1.2630855;1.7511252;-.91793238
1;0;.14667108;.0000000;7;8;-2.7881688;1.1770453;1.8106118;-.80008716
1;0;.14657359;.0000000;7;15;-3.3579907;1.3459740;1.9989783;-.61914770
1;0;.14671561;.0000000;7;3;-3.0088405;1.4121111;1.7398275;-.88197102
1;0;.14675085;.0000000;7;1;-3.9858006;1.6260677;1.7330001;-.80780622
1;0;.14682744;.0000000;7;4;-3.0016367;1.3705777;1.9864604;-.84668150
1;0;.14668688;.16258873E-02;7;16;-2.0889669;.83551378;2.0422345;-.99874377
1;0;.14667731;.0000000;7;10;-1.6975123;1.2379038;1.9817306;-1.2501554
1;0;.14672566;.0000000;7;10;-1.6369072;1.0909506;1.9413853;-.94864994
1;0;.14672553;.19709864E-02;7;6;-1.8186789;.99149885;2.0232071;-.83373146
1;0;.14673547;.0000000;7;1;-3.3698933;1.3922684;1.7024430;-.90857893
1;0;.14680343;.0000000;7;1;-3.8922246;.83879236;2.3874135;-.75731693
1;0;.14700017;.0000000;7;3;-2.9126110;1.2992887;2.0456271;-.84917988
1;0;.14700896;.0000000;7;3;-4.4913868;1.5346737;1.5833609;-.73530600
1;0;.14713869;.0000000;7;1;-3.6874515;1.4239519;1.7415372;-.53847428
1;0;.14722361;.59872448E-03;7;3;-3.6557433;1.3213890;2.0852809;-.91131612
1;0;.14733569;.0000000;7;2;-3.2284109;1.3325063;2.0437844;-.81374382
1;0;.14736001;.0000000;7;6;-2.1456580;1.0402809;2.1719728;-.93703549
1;0;.14740790;.65801200E-03;7;5;-1.9806517;.92649970;2.1454534;-.80227607
1;0;.14753724;.0000000;7;1;-1.5755288;.89842092;2.0447166;-1.3194096
1;0;.14760085;.0000000;7;3;-1.7919737;1.0905693;1.9828397;-.83912140
1;0;.14757137;.61434638E-03;7;8;-1.8708542;.93550693;2.1974301;-1.3000162
1;0;.14738709;.0000000;7;16;-.94512391;1.0061667;2.0673049;-1.3827867
1;0;.14736788;.0000000;7;4;-2.8121211;1.1482866;2.1564266;-.91015532
1;0;.14733370;.11863386E-02;7;11;-2.0724846;1.0809151;1.8862898;-1.0435031
1;0;.14738722;.0000000;7;4;-2.1477389;.98750065;1.9648871;-.82428362
1;0;.14738149;.0000000;7;2;-3.5263733;1.5393808;1.7888584;-.70492521
1;0;.14734746;.0000000;7;3;-5.1536653;1.5147459;1.5248667;-.46189564
1;0;.14726723;.17973091E-02;7;8;-6.2221986;1.6636502;1.3900100;-.50728276
1;0;.14735370;.0000000;7;4;-5.4315063;1.1827150;1.9565865;-.63698956E-01
1;0;.14730875;.0000000;7;3;-7.3777920;1.5206808;2.2670487;-.27776251
1;0;.14737569;.12043988E-02;7;4;-6.3683324;1.6372694;2.0369008;-.62911614
1;0;.14745857;.0000000;7;11;-5.4136628;1.7024628;1.7290687;-.21999761
1;0;.14758631;.0000000;7;1;-4.4998654;1.4125115;2.0377846;-1.0278421
1;0;.14764392;.0000000;7;7;-2.8439461;1.4394434;1.7997449;-.83974600
1;0;.14763203;.27065756E-02;7;8;-1.8782981;1.1161382;2.0900424;-.91280976
1;0;.14759184;.0000000;7;9;-1.3774460;1.1553552;1.9695717;-1.0092010
1;0;.14758890;.0000000;7;3;-2.2378570;1.2802870;1.8162924;-1.0609174
1;0;.14763964;.0000000;7;5;-1.8267001;.95539600;1.9996989;-1.4018744
1;0;.14762692;.11454020E-02;7;11;-2.5591693;1.1330462;2.0987578;-1.4259139
1;0;.14766985;.0000000;7;5;-2.3963608;1.0016054;1.9052087;-1.0526995
1;0;.14779663;.0000000;7;1;-2.2718028;1.0513283;1.8888093;-.96981071
1;0;.14776070;.0000000;7;2;-5.3787299;.70595209;2.2172789;-.92901078E-01
1;0;.14786526;.0000000;7;4;-5.6734924;.85232267;2.0553306;-.28816076E-01
1;0;.14806325;.17746338E-02;7;3;-5.6343428;.63176797;1.9207430;-.43300086
1;0;.14818979;.0000000;7;1;-3.9889327;.97745623;2.0259831;-.33593606
1;0;.14820678;.0000000;7;2;-5.1939423;.36595834;2.2677260;-.32418137
1;0;.14820453;.0000000;7;1;-7.2107830;.75078816;2.6964141;-.18049847
1;0;.14833096;.0000000;7;1;-4.0074912;.79666332;2.1833052;-.34983099
1;0;.14837815;.0000000;7;5;-3.5967979;1.1618590;1.7528608;-.73772841
1;0;.14846259;.68020019E-03;7;4;-3.1269563;.83648588;1.9734466;-.75085153
1;0;.14849671;.0000000;7;9;-2.4463085;.95052099;2.1548422;-1.5919856
1;0;.14844633;.0000000;7;4;-3.8593753;.85500870;2.3329134;-1.1888544
1;0;.14838576;.0000000;7;8;-4.1419604;1.1362656;1.7937425;-1.2689247
1;0;.14843615;.96632684E-03;7;7;-1.4983628;.92975943;2.0202897;-1.2760087
1;0;.14802514;.0000000;7;28;-1.5673497;1.1065691;1.9441074;-1.4286331
1;0;.14799284;.0000000;7;2;-4.1398856;1.3927134;1.9113775;-1.4215934
1;0;.14794648;.0000000;7;4;-5.4300678;1.1760114;2.1473468;-1.4582560
1;0;.14805509;.0000000;7;2;-3.3243773;.65027229;2.1751914;-.60537710
1;0;.14802235;.0000000;7;3;-5.1773166;1.2648750;2.2363709;-.71742206
1;0;.14803276;.26751393E-02;7;9;-5.4959402;.99480510;1.9422556;-.65760215E-01
1;0;.14810892;.0000000;7;5;-1.4309029;1.0180122;2.1009210;-1.4763795
1;0;.14807397;.0000000;7;7;-2.0224347;.86342243;2.2464395;-1.1162590
1;0;.14809414;.0000000;7;5;-2.3859027;1.0578837;2.1758630;-.88169731
1;0;.14794337;.14768616E-02;7;17;-1.2553976;1.0921614;2.0037893;-1.0130169
1;0;.14773080;.0000000;7;21;-1.5082601;1.1687554;2.0095746;-1.3944684
1;0;.14778076;.0000000;7;3;-3.0923072;1.0686395;1.8319654;-.78259001
1;0;.14783452;.0000000;7;1;-3.7507884;.45398693;2.3476617;-.75771944
1;0;.14796117;.0000000;7;3;-3.5118485;1.0075516;2.0635797;-.42499854
1;0;.14800835;.0000000;7;1;-4.2610057;1.4612587;2.0106648;-.84589956
1;0;.14806745;.21459199E-02;7;5;-3.0852637;.64457670;2.2538387;-.64954439
1;0;.14810081;.0000000;7;3;-3.4911869;.67414531;2.3276973;-.55429062
1;0;.14819530;.0000000;7;3;-3.2467836;1.3984831;1.9731034;-.75014325
1;0;.14816875;.41111744E-03;7;5;-4.0839942;1.1509200;1.9638020;-.31865320
1;0;.14825602;.0000000;7;2;-4.4641803;1.5681426;1.5948743;-.55814501
1;0;.14827341;.0000000;7;2;-5.3398031;1.4880260;1.9669483;-1.1638010
1;0;.14839674;.0000000;7;1;-3.1129701;.91000566;2.2608743;-1.3151494
1;0;.14849854;.0000000;7;2;-1.7870827;1.0635941;2.1260547;-.95988167
1;0;.14849345;.0000000;7;3;-2.6779883;.75806993;2.0582989;-.94403415
1;0;.14861664;.47232749E-03;7;1;-.93361011;1.0598564;2.0275662;-1.3645290
1;0;.14849359;.0000000;7;7;-3.3878555;.63957624;2.2958434;-1.3128298
1;0;.14855516;.0000000;7;4;-2.2315824;.80543778;2.2316088;-.81857944
1;0;.14867813;.0000000;7;1;-2.1887909;1.1523994;2.0364949;-.76496818
1;0;.14867007;.0000000;7;5;-2.8975212;1.0236485;2.1022070;-.56644505
1;0;.14866960;.0000000;7;5;-3.2002018;1.0760729;2.2234933;-.98955671
1;0;.14876935;.10411832E-02;7;9;-2.4597508;1.0830075;2.0184252;-.65650250
1;0;.14883288;.0000000;7;4;-1.5705839;1.1795949;2.0133707;-.99584580
1;0;.14868301;.0000000;7;16;-1.7362918;.90861257;2.0360014;-1.3827282
1;0;.14870756;.0000000;7;6;-1.2997585;1.0938638;1.9423947;-1.1721883
1;0;.14869567;.17704394E-02;7;5;-1.9439771;.86974328;2.0252288;-1.1615069
1;0;.14863208;.0000000;7;10;-2.7684612;.64285219;2.1741063;-.98410265
1;0;.14840287;.0000000;7;18;-3.2842719;.68084234;2.3058737;-1.3221717
1;0;.14845682;.16275260E-02;7;8;-3.2353865;.64587495;2.3853998;-.89559632
1;0;.14845678;.0000000;7;7;-3.0238412;.82863582;2.3227769;-1.0682813
1;0;.14855297;.0000000;7;13;-2.6174023;1.0493352;1.8652957;-.99755231
1;0;.14849366;.10705245E-02;7;4;-4.4020978;1.0877261;2.2112116;-1.3181290
1;0;.14849210;.0000000;7;7;-3.6912204;1.0496786;1.8205125;-1.0976989
1;0;.14861302;.0000000;7;1;-2.9611336;.64538823;2.1716012;-.76292575
1;0;.14860308;.40647327E-03;7;3;-6.7404534;.63984838;1.8209492;-.43308687
1;0;.14872391;.0000000;7;1;-5.0726989;.95495836;2.0721291;-.12490509
1;0;.14880251;.0000000;7;3;-2.2081756;.88224276;1.9963058;-.97662216
1;0;.14889120;.0000000;7;4;-1.3864745;.90515563;2.0956259;-.99419860
1;0;.14892232;.50865591E-03;7;7;-1.7971053;1.1530849;1.9215666;-.89384058
1;0;.14890886;.0000000;7;1;-4.7175753;1.5210973;1.9957952;-.50638265
1;0;.14900828;.0000000;7;2;-4.5955549;1.5113799;1.8721582;-.33466137
1;0;.14912875;.0000000;7;1;-3.7320502;1.2451552;2.1148600;-.55446634
1;0;.14921666;.0000000;7;2;-3.8852473;1.5009561;1.9416297;-.76233798
1;0;.14914724;.62299948E-03;7;13;-1.2127177;1.0770631;1.9581387;-1.2605842
1;0;.14924302;.0000000;7;1;-1.4023243;1.0805973;2.0892462;-1.3356352
1;0;.14930014;.0000000;7;4;-1.6593629;.93346100;2.1283165;-.88764801
1;0;.14927051;.0000000;7;2;-4.3932070;.50597644;2.2567140;-.40049841
1;0;.14939455;.0000000;7;2;-2.8990067;.98467980;2.1917309;-.63053046
1;0;.14948069;.10798910E-02;7;4;-1.7933101;1.1109917;1.9538672;-.86041888
1;0;.14956031;.0000000;7;6;-1.5473297;.86400640;2.1804051;-1.0065111
1;0;.14943564;.0000000;7;12;-2.1262324;1.2755577;1.8634832;-1.3113796
1;0;.14946924;.0000000;7;1;-3.0720789;1.0942459;2.1809792;-1.2207125
1;0;.14956780;.0000000;7;2;-2.3440397;.81765504;2.0611375;-.83000330
1;0;.14927170;.10629728E-02;7;35;-1.1929349;.97573579;2.1367989;-1.2050846
1;0;.14929557;.0000000;7;1;-2.3326726;.81752669;2.2833209;-1.0363752
1;0;.14931393;.0000000;7;6;-1.2355686;1.0886823;2.0658034;-1.0921978
1;0;.14923872;.0000000;7;5;-3.2282423;1.2887588;1.9695771;-.55290361
1;0;.14935753;.0000000;7;1;-3.0039707;1.0567596;1.9010239;-.61416699
1;0;.14944349;.0000000;7;1;-3.2717976;.85968684;2.2706396;-.57313698
1;0;.14955492;.20985299E-02;7;9;-3.9083171;.69309177;2.3663227;-.48002605
1;0;.14950514;.0000000;7;5;-4.9320393;.96789567;2.4020543;-.60357780
1;0;.14958241;.0000000;7;4;-4.2621629;.91654516;1.8500798;-.52983073
1;0;.14957717;.0000000;7;4;-4.8407805;1.5425231;1.9990626;-.59641274
1;0;.14964754;.71731999E-03;7;10;-3.2363883;1.2148613;2.0535533;-.55760086
1;0;.14976572;.0000000;7;1;-3.1057922;.81809888;2.0008140;-.70126912
1;0;.14988388;.0000000;7;1;-2.7160147;1.3308982;1.9582860;-.74958120
1;0;.15000200;.0000000;7;1;-2.6503796;1.3303323;1.9910407;-.88407376
1;0;.15000854;.0000000;7;1;-4.2744788;1.0081806;1.7803825;-.76045216
1;0;.15002263;.44963777E-03;7;6;-3.6605443;.77405387;2.3603826;-1.1404603
1;0;.15014060;.0000000;7;1;-3.4546118;.81422351;2.1786983;-.46396192
1;0;.15021402;.0000000;7;8;-5.5496778;1.5476547;2.0057855;-.24136983
1;0;.15033182;.0000000;7;1;-4.7817481;1.5471221;1.6670250;-.31806398
1;0;.15043501;.0000000;7;2;-4.1518003;1.5664416;1.8911100;-.64922398
1;0;.15036809;.19629261E-02;7;10;-2.2017767;1.1301954;2.1105595;-.87731313
1;0;.15039760;.0000000;7;4;-3.1519890;.69090984;2.1702859;-.60929580
1;0;.15044420;.0000000;7;7;-4.5293421;.78976540;1.9793624;-.34261183
1;0;.15050733;.0000000;7;1;-5.0279682;.51539664;2.1205088;-.93367676
